3
-31.4442 4.881703 90.08212
-30.84907 5.027873 90.08212
-30.26023 5.197064 90.08212
-29.67156 5.36676 90.08212
-29.07524 5.507995 90.08212
-28.47612 5.634264 90.08212
-27.86946 5.720726 90.08212
-27.26469 5.819746 90.08212
-26.65993 5.918766 90.08212
-26.05516 6.017785 90.08212
-25.45603 6.143437 90.08212
-24.86294 6.297673 90.08212
-24.26826 6.443913 90.08212
-23.66121 6.527781 90.08212
-23.05416 6.611649 90.08212
-22.44518 6.68003 90.08212
-21.84228 6.784939 90.08212
-21.24391 6.917208 90.08212
-20.64553 7.049477 90.08212
-20.04049 7.145133 90.08212
-19.43394 7.232571 90.08212
-18.82739 7.320008 90.08212
-18.22279 7.419675 90.08212
-17.61909 7.525018 90.08212
-17.01548 7.630828 90.08212
-16.4128 7.741854 90.08212
-15.81013 7.85288 90.08212
-15.20542 7.951807 90.08212
-14.59945 8.043127 90.08212
-13.99347 8.134447 90.08212
-13.3879 8.228376 90.08212
-12.78258 8.323947 90.08212
-12.17726 8.419518 90.08212
-11.57194 8.515089 90.08212
-10.9694 8.626565 90.08212
-10.3676 8.742239 90.08212
-9.765798 8.857914 90.08212
-9.165344 8.98028 90.08212
-8.565672 9.106529 90.08212
-7.965998 9.23278 90.08212
-7.356965 9.283606 90.08212
-6.744624 9.307775 90.08212
-6.132283 9.331944 90.08212
-5.519942 9.356113 90.08212
-4.909428 9.408893 90.08212
-4.298991 9.462861 90.08212
-3.688554 9.516829 90.08212
-3.078233 9.572088 90.08212
-2.467999 9.628298 90.08212
-1.857762 9.684507 90.08212
-1.247527 9.740718 90.08212
-0.6372936 9.796928 90.08212
-0.02756388 9.858277 90.08212
0.5819502 9.921824 90.08212
1.191466 9.985371 90.08212
1.800982 10.04892 90.08212
2.410494 10.11246 90.08212
3.02001 10.17601 90.08212
3.629522 10.23956 90.08212
4.237579 10.31493 90.08212
4.84426 10.40145 90.08212
5.450938 10.48796 90.08212
6.057619 10.57448 90.08212
6.665786 10.64613 90.08212
7.277573 10.68172 90.08212
7.889359 10.7173 90.08212
8.500512 10.76206 90.08212
9.111431 10.81029 90.08212
9.722345 10.85852 90.08212
10.33326 10.90674 90.08212
10.94418 10.95497 90.08212
11.5551 11.0032 90.08212
12.16602 11.05143 90.08212
12.77693 11.09966 90.08212
13.38785 11.14789 90.08212
13.99894 11.19365 90.08212
14.61054 11.23228 90.08212
15.22214 11.27091 90.08212
15.83374 11.30954 90.08212
16.44534 11.34817 90.08212
17.05686 11.38803 90.08212
17.66831 11.42898 90.08212
18.27976 11.46993 90.08212
18.89121 11.51088 90.08212
19.50258 11.55271 90.08212
20.11302 11.60669 90.08212
20.72346 11.66066 90.08212
21.33389 11.71464 90.08212
21.94552 11.751 90.08212
22.55768 11.77919 90.08212
23.16985 11.80738 90.08212
23.78202 11.83557 90.08212
24.39419 11.86376 90.08212
25.00636 11.89196 90.08212
25.61866 11.91442 90.08212
26.23148 11.91442 90.08212
26.8443 11.91442 90.08212
27.45712 11.91442 90.08212
28.06993 11.91443 90.08212
28.68275 11.91442 90.08212
Stroke End
-2.603131 36.75725 90.08213
-2.685772 35.82408 90.08213
-2.668592 34.88536 90.08213
-2.5987 33.94861 90.08213
-2.538119 33.0112 90.08213
-2.474243 32.07402 90.08213
-2.437852 31.13592 90.08212
-2.437854 30.19655 90.08212
-2.437857 29.25719 90.08212
-2.437856 28.31783 90.08212
-2.459572 27.37917 90.08212
-2.520159 26.44176 90.08212
-2.580741 25.50435 90.08212
-2.638787 24.56678 90.08212
-2.706154 23.63015 90.08212
-2.826569 22.69854 90.08212
-2.962652 21.76912 90.08212
-3.09621 20.83931 90.08212
-3.219926 19.90817 90.08212
-3.332437 18.97557 90.08212
-3.438899 18.04226 90.08212
-3.540919 17.10847 90.08212
-3.634883 16.17381 90.08212
-3.763394 15.24382 90.08212
-3.920511 14.31769 90.08212
-4.126213 13.40117 90.08212
-4.333462 12.48496 90.08212
-4.55238 11.57152 90.08212
-4.779866 10.66012 90.08212
-5.007351 9.748713 90.08212
-5.296651 8.856158 90.08212
-5.585504 7.962646 90.08212
-5.856751 7.063297 90.08212
-6.15272 6.171867 90.08212
-6.449479 5.28069 90.08212
-6.720724 4.381342 90.08212
-6.943381 3.469515 90.08212
-7.138985 2.550745 90.08212
-7.394086 1.646788 90.08212
-7.65257 0.7436885 90.08212
-7.923813 -0.1556607 90.08212
-8.20127 -1.053023 90.08212
-8.503098 -1.942573 90.08212
-8.819562 -2.826914 90.08212
-9.147511 -3.707173 90.08212
-9.550275 -4.554804 90.08212
-9.972162 -5.394101 90.08212
-10.41035 -6.224959 90.08212
-10.8517 -7.054187 90.08212
-11.33536 -7.85941 90.08212
-11.82055 -8.663768 90.08212
-12.28474 -9.480398 90.08212
-12.74714 -10.29807 90.08212
-13.20447 -11.11853 90.08212
-13.64582 -11.94775 90.08212
-14.08968 -12.77562 90.08212
-14.53786 -13.60118 90.08212
-14.99323 -14.42256 90.08212
-15.48768 -15.22126 90.08211
-15.98213 -16.01996 90.08211
-16.50903 -16.79762 90.08211
-17.03785 -17.57398 90.08211
-17.57847 -18.34218 90.08211
-18.11909 -19.11039 90.08211
-18.67958 -19.86419 90.08211
-19.24085 -20.61744 90.08211
-19.80597 -21.3678 90.08211
-20.3715 -22.11785 90.08211
-20.9055 -22.89027 90.08211
-21.42658 -23.67186 90.08211
-21.97631 -24.43271 90.08211
-22.55595 -25.17191 90.08211
-23.18098 -25.87168 90.08211
-23.832 -26.54887 90.08211
-24.5175 -27.18892 90.08211
-25.24071 -27.7884 90.08211
-25.96281 -28.3892 90.08211
-26.68026 -28.99556 90.08211
-27.39579 -29.60416 90.08211
-28.10505 -30.22007 90.08211
-28.82273 -30.82607 90.08211
-29.55409 -31.4155 90.08211
-30.28914 -32.00041 90.08211
-31.02418 -32.58532 90.08211
-31.81671 -33.08821 90.08211
-32.63779 -33.54444 90.08211
-33.45996 -33.99878 90.08211
-34.28215 -34.45312 90.08211
-35.10432 -34.90746 90.08211
-35.90383 -35.40045 90.08211
-36.69246 -35.9101 90.08211
-37.45654 -36.45653 90.08211
-38.22875 -36.99116 90.08211
-39.01163 -37.5103 90.08211
-39.79745 -38.02491 90.08211
-40.5895 -38.52994 90.08211
-41.38157 -39.03497 90.08211
-42.16533 -39.55263 90.08211
-42.94376 -40.0784 90.08211
-43.70672 -40.62611 90.08211
Stroke End
-5.991343 10.63574 90.08212
-5.71837 10.03235 90.08212
-5.445395 9.428967 90.08212
-5.155444 8.834358 90.08212
-4.820842 8.26284 90.08212
-4.486241 7.691322 90.08212
-4.14747 7.122282 90.08212
-3.805406 6.555199 90.08212
-3.46334 5.988117 90.08212
-3.121274 5.421035 90.08212
-2.77921 4.853951 90.08212
-2.461087 4.273344 90.08212
-2.151959 3.687655 90.08212
-1.873765 3.086824 90.08212
-1.600793 2.483435 90.08212
-1.334481 1.877135 90.08212
-1.076866 1.267032 90.08212
-0.8218589 0.655863 90.08212
-0.5781072 0.04009048 90.08212
-0.3343553 -0.5756829 90.08212
-0.0528682 -1.174824 90.08212
0.2371896 -1.770187 90.08212
0.5699273 -2.342341 90.08212
0.9119973 -2.909421 90.08212
1.257198 -3.474582 90.08212
1.607003 -4.036923 90.08212
1.956808 -4.599264 90.08212
2.311989 -5.158219 90.08212
2.668462 -5.716357 90.08212
3.024744 -6.274615 90.08212
3.373338 -6.837708 90.08212
3.721932 -7.4008 90.08212
4.070527 -7.963892 90.08212
4.426545 -8.522316 90.08212
4.783018 -9.080455 90.08211
5.141045 -9.637581 90.08211
5.507203 -10.18941 90.08211
5.873362 -10.74125 90.08211
6.257215 -11.28072 90.08211
6.64948 -11.81431 90.08211
7.041745 -12.3479 90.08211
7.423563 -12.889 90.08211
7.804704 -13.4306 90.08211
8.185844 -13.97219 90.08211
8.570421 -14.51134 90.08211
8.955364 -15.05024 90.08211
9.340307 -15.58914 90.08211
9.745824 -16.11243 90.08211
10.16485 -16.625 90.08211
10.62383 -17.10243 90.08211
11.0828 -17.57985 90.08211
11.54102 -18.05796 90.08211
11.97441 -18.55873 90.08211
12.4078 -19.05949 90.08211
12.84119 -19.56025 90.08211
13.27458 -20.06101 90.08211
13.70381 -20.56535 90.08211
14.13221 -21.07038 90.08211
14.56061 -21.57542 90.08211
15.00401 -22.06732 90.08211
15.46038 -22.54688 90.08211
15.93128 -23.01254 90.08211
16.40219 -23.47821 90.08211
16.87609 -23.94066 90.08211
17.37223 -24.37933 90.08211
17.86838 -24.81801 90.08211
18.36452 -25.25668 90.08211
18.85798 -25.69835 90.08211
19.35073 -26.14084 90.08211
19.84223 -26.58467 90.08211
20.32301 -27.04013 90.08211
20.8038 -27.49558 90.0821
21.30205 -27.93152 90.0821
21.80785 -28.35901 90.0821
22.31366 -28.7865 90.0821
22.81617 -29.21787 90.0821
23.31838 -29.64958 90.0821
23.8206 -30.08129 90.0821
24.33755 -30.4952 90.0821
24.85514 -30.90835 90.0821
25.37405 -31.31978 90.0821
25.90722 -31.71262 90.0821
26.44038 -32.10546 90.0821
26.97701 -32.49346 90.0821
27.5215 -32.87044 90.0821
28.06137 -33.25402 90.0821
28.60124 -33.63759 90.0821
29.14837 -34.01072 90.0821
29.69598 -34.38317 90.0821
30.27488 -34.7047 90.0821
30.85452 -35.02501 90.0821
31.43417 -35.34533 90.0821
32.01382 -35.66565 90.0821
32.60305 -35.9669 90.0821
33.20583 -36.24121 90.0821
33.80753 -36.51775 90.0821
34.39747 -36.81869 90.0821
34.98859 -37.11727 90.0821
35.58333 -37.40852 90.0821
36.1859 -37.67249 90.0821
Stroke End
