9
fire
110
-39.62547 14.47175 90.08212
-39.54327 14.32034 90.08212
-39.46107 14.16893 90.08212
-39.37887 14.01753 90.08212
-39.29508 13.86699 90.08212
-39.21127 13.71646 90.08212
-39.12746 13.56594 90.08212
-39.04365 13.41541 90.08212
-38.95984 13.26489 90.08212
-38.87602 13.11437 90.08212
-38.79221 12.96384 90.08212
-38.70693 12.81424 90.08212
-38.60778 12.67335 90.08212
-38.50863 12.53246 90.08212
-38.40948 12.39156 90.08212
-38.31033 12.25067 90.08212
-38.21117 12.10978 90.08212
-38.11203 11.96888 90.08212
-38.01287 11.82799 90.08212
-37.91372 11.68709 90.08212
-37.81457 11.5462 90.08212
-37.71542 11.40531 90.08212
-37.61627 11.26441 90.08212
-37.51569 11.12456 90.08212
-37.41318 10.98609 90.08212
-37.31067 10.84762 90.08212
-37.20816 10.70915 90.08212
-37.10565 10.57068 90.08212
-37.00314 10.43221 90.08212
-36.90063 10.29374 90.08212
-36.79812 10.15527 90.08212
-36.69561 10.0168 90.08212
-36.59311 9.878332 90.08212
-36.4906 9.739862 90.08212
-36.38809 9.601393 90.08212
-36.28558 9.462923 90.08212
-36.18307 9.324453 90.08212
-36.08056 9.185984 90.08212
-35.97805 9.047514 90.08212
-35.87555 8.909044 90.08212
-35.77304 8.770574 90.08212
-35.67053 8.632104 90.08212
-35.56802 8.493634 90.08212
-35.46551 8.355165 90.08212
-35.363 8.216695 90.08212
-35.26049 8.078225 90.08212
-35.15799 7.939755 90.08212
-35.05548 7.801286 90.08212
-34.95297 7.662817 90.08212
-34.85046 7.524346 90.08212
-34.74796 7.385876 90.08212
-34.64545 7.247406 90.08212
-34.54354 7.108495 90.08212
-34.44252 6.968935 90.08212
-34.3415 6.829375 90.08212
-34.24048 6.689815 90.08212
-34.13947 6.550255 90.08212
-34.03844 6.410695 90.08212
-33.93743 6.271134 90.08212
-33.83641 6.131574 90.08212
-33.73539 5.992013 90.08212
-33.63437 5.852454 90.08212
-33.53335 5.712893 90.08212
-33.43233 5.573333 90.08212
-33.33131 5.433773 90.08212
-33.23088 5.293791 90.08212
-33.13174 5.152897 90.08212
-33.03259 5.012003 90.08212
-32.93344 4.871109 90.08212
-32.83429 4.730216 90.08212
-32.73513 4.589321 90.08212
-32.6432 4.443886 90.08212
-32.55901 4.293575 90.08212
-32.47482 4.143263 90.08212
-32.39062 3.992952 90.08212
-32.30643 3.842641 90.08212
-32.22224 3.692329 90.08212
-32.13805 3.542018 90.08212
-32.05385 3.391706 90.08212
-31.96966 3.241395 90.08212
-31.88547 3.091083 90.08212
-31.80128 2.940771 90.08212
-31.71708 2.79046 90.08212
-31.63289 2.640149 90.08212
-31.55575 2.48618 90.08212
-31.48132 2.330803 90.08212
-31.40689 2.175425 90.08212
-31.33246 2.020048 90.08212
-31.25803 1.864671 90.08212
-31.1836 1.709293 90.08212
-31.10917 1.553916 90.08212
-31.03474 1.398538 90.08212
-30.96031 1.24316 90.08212
-30.88589 1.087783 90.08212
-30.80305 0.9368349 90.08212
-30.71708 0.7875307 90.08212
-30.63111 0.6382281 90.08212
-30.54514 0.4889239 90.08212
-30.45918 0.3396197 90.08212
-30.37321 0.1903171 90.08212
Stroke End
-5.578143 25.43184 90.08212
-5.712543 25.24616 90.08212
-5.846942 25.06049 90.08212
-5.975945 24.87112 90.08212
-6.100359 24.67862 90.08212
-6.224774 24.48611 90.08212
-6.349188 24.2936 90.08212
-6.473602 24.1011 90.08212
-6.598017 23.90859 90.08212
-6.722431 23.71608 90.08212
-6.855814 23.52971 90.08212
-6.990213 23.34404 90.08212
-7.124613 23.15836 90.08212
-7.259013 22.97269 90.08212
-7.393412 22.78702 90.08212
-7.527812 22.60134 90.08212
-7.662211 22.41567 90.08212
-7.809036 22.24035 90.08212
-7.967346 22.07458 90.08212
-8.125656 21.90883 90.08212
-8.283966 21.74307 90.08212
-8.442276 21.57731 90.08212
-8.600586 21.41155 90.08212
-8.758896 21.24579 90.08212
-8.917206 21.08003 90.08212
-9.075515 20.91427 90.08212
-9.233825 20.74852 90.08212
-9.397294 20.58795 90.08212
-9.56418 20.43083 90.08212
-9.731068 20.27371 90.08212
-9.897954 20.11659 90.08212
-10.06484 19.95947 90.08212
-10.23173 19.80235 90.08212
-10.39861 19.64523 90.08212
-10.5655 19.48811 90.08212
-10.73239 19.33099 90.08212
-10.89928 19.17387 90.08212
-11.06616 19.01675 90.08212
-11.23305 18.85963 90.08212
-11.39994 18.70251 90.08212
-11.56291 18.54164 90.08212
-11.71291 18.36832 90.08212
-11.86291 18.19501 90.08212
-12.01291 18.02169 90.08212
-12.16291 17.84838 90.08212
-12.3129 17.67506 90.08212
-12.4629 17.50175 90.08212
-12.6129 17.32843 90.08212
-12.7629 17.15512 90.08212
-12.9129 16.9818 90.08212
-13.0629 16.80849 90.08212
-13.2129 16.63517 90.08212
-13.36256 16.46156 90.08212
-13.50949 16.28564 90.08212
-13.65642 16.10972 90.08212
-13.80335 15.9338 90.08212
-13.95029 15.75787 90.08212
-14.09722 15.58195 90.08212
-14.24415 15.40603 90.08212
-14.39467 15.23328 90.08212
-14.55151 15.06613 90.08212
-14.70835 14.89898 90.08212
-14.86519 14.73183 90.08212
-15.02203 14.56468 90.08212
-15.17887 14.39752 90.08212
-15.3357 14.23037 90.08212
-15.49254 14.06322 90.08212
-15.64938 13.89607 90.08212
-15.80622 13.72892 90.08212
-15.96306 13.56177 90.08212
-16.1199 13.39462 90.08212
-16.27674 13.22747 90.08212
-16.43358 13.06032 90.08212
-16.59042 12.89317 90.08212
-16.75759 12.73681 90.08212
-16.93141 12.5874 90.08212
-17.10523 12.43798 90.08212
-17.27905 12.28856 90.08212
-17.45286 12.13915 90.08212
-17.62668 11.98973 90.08212
-17.8005 11.84031 90.08212
-17.97432 11.6909 90.08212
-18.14813 11.54148 90.08212
-18.32195 11.39206 90.08212
-18.49577 11.24265 90.08212
-18.66959 11.09323 90.08212
-18.84341 10.94381 90.08212
-19.01723 10.7944 90.08212
-19.19104 10.64498 90.08212
-19.36486 10.49557 90.08212
-19.53868 10.34615 90.08212
-19.7155 10.20038 90.08212
-19.89541 10.05836 90.08212
-20.07533 9.916341 90.08212
-20.26011 9.781437 90.08212
-20.45757 9.66504 90.08212
-20.65503 9.548644 90.08212
-20.85249 9.432248 90.08212
-21.04995 9.315852 90.08212
-21.2474 9.199456 90.08212
Stroke End
-20.61846 41.32394 90.08213
-20.6757 40.53321 90.08213
-20.73294 39.74249 90.08213
-20.78653 38.95158 90.08213
-20.81125 38.15918 90.08213
-20.83597 37.36678 90.08213
-20.86069 36.57437 90.08213
-20.84131 35.78218 90.08213
-20.80873 34.99006 90.08213
-20.79134 34.19794 90.08213
-20.82392 33.40582 90.08213
-20.85649 32.6137 90.08213
-20.88907 31.82158 90.08213
-20.92165 31.02946 90.08213
-20.95665 30.23746 90.08213
-21.00438 29.44611 90.08213
-21.05212 28.65475 90.08213
-21.09986 27.8634 90.08213
-21.13929 27.07161 90.08213
-21.17512 26.27963 90.08213
-21.21095 25.48765 90.08212
-21.24678 24.69567 90.08212
-21.28448 23.9038 90.08212
-21.34248 23.11314 90.08212
-21.40049 22.32247 90.08212
-21.45849 21.53181 90.08212
-21.5165 20.74114 90.08212
-21.56377 19.94978 90.08212
-21.60853 19.15825 90.08212
-21.65329 18.36673 90.08212
-21.69805 17.5752 90.08212
-21.74282 16.78367 90.08212
-21.7881 15.99218 90.08212
-21.8348 15.20076 90.08212
-21.8815 14.40935 90.08212
-21.92821 13.61794 90.08212
-21.97491 12.82652 90.08212
-22.02161 12.03511 90.08212
-22.08481 11.24485 90.08212
-22.14865 10.45463 90.08212
-22.21248 9.664417 90.08212
-22.27632 8.874199 90.08212
-22.34015 8.083984 90.08212
-22.40399 7.293769 90.08212
-22.49151 6.506199 90.08212
-22.60363 5.721375 90.08212
-22.71575 4.936553 90.08212
-22.82788 4.151732 90.08212
-22.94 3.366908 90.08212
-23.05212 2.582087 90.08212
-23.16424 1.797266 90.08212
-23.3096 1.018037 90.08212
-23.4605 0.2397377 90.08212
-23.6114 -0.5385576 90.08212
-23.80084 -1.307616 90.08212
-24.0192 -2.06974 90.08212
-24.23757 -2.831867 90.08212
-24.45593 -3.593991 90.08212
-24.67429 -4.356115 90.08212
-24.89266 -5.118242 90.08212
-25.11102 -5.880365 90.08212
-25.35599 -6.633507 90.08212
-25.64425 -7.372036 90.08212
-25.9325 -8.110569 90.08212
-26.22075 -8.849098 90.08212
-26.50901 -9.587626 90.08212
-26.79726 -10.32616 90.08212
-27.08362 -11.06539 90.08212
-27.34608 -11.81348 90.08212
-27.60854 -12.56156 90.08212
-27.871 -13.30965 90.08212
-28.13346 -14.05773 90.08212
-28.39592 -14.80582 90.08212
-28.658 -15.55404 90.08212
-28.91635 -16.30355 90.08212
-29.1747 -17.05307 90.08212
-29.43305 -17.80258 90.08211
-29.6914 -18.5521 90.08211
-29.94975 -19.30161 90.08211
-30.23134 -20.04269 90.08211
-30.51358 -20.78354 90.08211
-30.79583 -21.52439 90.08211
-31.07807 -22.26524 90.08211
-31.40262 -22.98471 90.08211
-31.83159 -23.65142 90.08211
-32.26056 -24.31812 90.08211
-32.68953 -24.98484 90.08211
-33.1185 -25.65155 90.08211
-33.54747 -26.31825 90.08211
-33.9794 -26.98298 90.08211
-34.43229 -27.63369 90.08211
-34.88674 -28.28328 90.08211
-35.34489 -28.93029 90.08211
-35.80304 -29.5773 90.08211
-36.26405 -30.22208 90.08211
-36.77688 -30.82666 90.08211
-37.28972 -31.43125 90.08211
-37.81467 -32.02521 90.08211
-38.48561 -32.43763 90.08211
-39.17949 -32.82109 90.08211
Stroke End
-22.68445 -5.804353 90.08212
-22.53382 -5.956954 90.08212
-22.3832 -6.109556 90.08212
-22.23257 -6.262157 90.08212
-22.08195 -6.414758 90.08212
-21.93133 -6.56736 90.08212
-21.7807 -6.719961 90.08212
-21.62767 -6.870093 90.08212
-21.47127 -7.016764 90.08212
-21.31486 -7.163434 90.08212
-21.15845 -7.310104 90.08212
-21.00205 -7.456774 90.08212
-20.84564 -7.603444 90.08212
-20.68924 -7.750114 90.08212
-20.53283 -7.896784 90.08212
-20.37642 -8.043454 90.08212
-20.22002 -8.190124 90.08212
-20.06361 -8.336794 90.08212
-19.90721 -8.483464 90.08212
-19.7508 -8.630135 90.08212
-19.59439 -8.776804 90.08212
-19.43799 -8.923474 90.08212
-19.28158 -9.070145 90.08212
-19.12518 -9.216814 90.08212
-18.96877 -9.363484 90.08212
-18.80585 -9.502878 90.08212
-18.64281 -9.642126 90.08212
-18.47976 -9.781374 90.08212
-18.31671 -9.920622 90.08212
-18.15366 -10.05987 90.08212
-17.99061 -10.19912 90.08212
-17.82756 -10.33837 90.08212
-17.66451 -10.47761 90.08212
-17.50146 -10.61686 90.08212
-17.33841 -10.75611 90.08212
-17.17537 -10.89536 90.08212
-17.01565 -11.03839 90.08212
-16.85661 -11.18221 90.08212
-16.69757 -11.32602 90.08212
-16.53853 -11.46983 90.08212
-16.3795 -11.61365 90.08212
-16.21968 -11.75655 90.08212
-16.05377 -11.89237 90.08212
-15.88786 -12.0282 90.08212
-15.72195 -12.16403 90.08212
-15.55604 -12.29985 90.08212
-15.39013 -12.43568 90.08212
-15.22422 -12.5715 90.08212
-15.05831 -12.70733 90.08212
-14.8924 -12.84316 90.08212
-14.72649 -12.97898 90.08212
-14.56058 -13.11481 90.08212
-14.39467 -13.25063 90.08212
-14.22875 -13.38646 90.08212
-14.06285 -13.52229 90.08212
-13.89569 -13.65657 90.08212
-13.72791 -13.79008 90.08212
-13.56014 -13.9236 90.08212
-13.39236 -14.05711 90.08212
-13.22458 -14.19062 90.08212
-13.0568 -14.32413 90.08212
-12.88902 -14.45764 90.08211
-12.72124 -14.59116 90.08211
-12.55347 -14.72467 90.08211
-12.38569 -14.85818 90.08211
-12.21791 -14.99169 90.08211
-12.05013 -15.1252 90.08211
-11.88368 -15.26033 90.08211
-11.71966 -15.39844 90.08211
-11.55565 -15.53655 90.08211
-11.39163 -15.67466 90.08211
-11.22762 -15.81277 90.08211
-11.06361 -15.95088 90.08211
-10.89959 -16.08899 90.08211
-10.73558 -16.2271 90.08211
-10.57156 -16.36521 90.08211
-10.40755 -16.50332 90.08211
-10.24354 -16.64143 90.08211
-10.08116 -16.78145 90.08211
-9.919262 -16.92204 90.08211
-9.757366 -17.06262 90.08211
-9.595471 -17.20321 90.08211
-9.433577 -17.3438 90.08211
-9.271682 -17.48439 90.08211
-9.109787 -17.62498 90.08211
-8.949676 -17.76758 90.08211
-8.790639 -17.91139 90.08211
-8.6316 -18.0552 90.08211
-8.472562 -18.19901 90.08211
-8.313524 -18.34282 90.08211
-8.154486 -18.48664 90.08211
-7.977584 -18.60745 90.08211
-7.798885 -18.72595 90.08211
-7.620187 -18.84444 90.08211
-7.441488 -18.96294 90.08211
-7.260242 -19.07724 90.08211
-7.072572 -19.18094 90.08211
-6.884902 -19.28465 90.08211
-6.697233 -19.38836 90.08211
-6.509563 -19.49206 90.08211
Stroke End
13.84206 42.60263 90.08213
13.65667 42.12453 90.08213
13.49601 41.63792 90.08213
13.34794 41.14698 90.08213
13.19987 40.65603 90.08213
13.0518 40.16509 90.08213
12.90373 39.67414 90.08213
12.75566 39.1832 90.08213
12.58712 38.69935 90.08213
12.39994 38.22195 90.08213
12.21276 37.74454 90.08213
12.02558 37.26714 90.08213
11.8384 36.78974 90.08213
11.65121 36.31234 90.08213
11.45787 35.83741 90.08213
11.26283 35.36317 90.08213
11.06778 34.88892 90.08213
10.87274 34.41468 90.08212
10.67769 33.94043 90.08212
10.48265 33.46619 90.08212
10.2892 32.99129 90.08212
10.09788 32.51553 90.08212
9.906566 32.03978 90.08212
9.715246 31.56402 90.08212
9.523928 31.08826 90.08212
9.332609 30.6125 90.08212
9.14129 30.13674 90.08212
8.949971 29.66098 90.08212
8.758653 29.18522 90.08212
8.567334 28.70946 90.08212
8.376382 28.23356 90.08212
8.190988 27.75546 90.08212
8.005594 27.27736 90.08212
7.8202 26.79926 90.08212
7.632751 26.32206 90.08212
7.406472 25.8619 90.08212
7.180192 25.40174 90.08212
6.953913 24.94158 90.08212
6.727633 24.48142 90.08212
6.501354 24.02126 90.08212
6.275074 23.5611 90.08212
6.048795 23.10094 90.08212
5.822515 22.64078 90.08212
5.596236 22.18062 90.08212
5.371508 21.7197 90.08212
5.146915 21.25871 90.08212
4.922321 20.79773 90.08212
4.697729 20.33674 90.08212
4.473135 19.87576 90.08212
4.248542 19.41477 90.08212
4.02395 18.95379 90.08212
3.799356 18.4928 90.08212
3.574763 18.03181 90.08212
3.35017 17.57083 90.08212
3.118227 17.11354 90.08212
2.88173 16.65855 90.08212
2.645234 16.20356 90.08212
2.408737 15.74856 90.08212
2.17224 15.29357 90.08212
1.935742 14.83858 90.08212
1.699246 14.38358 90.08212
1.462749 13.92859 90.08212
1.226252 13.4736 90.08212
0.9924174 13.01727 90.08212
0.7704824 12.555 90.08212
0.5485474 12.09273 90.08212
0.3266125 11.63046 90.08212
0.1046775 11.16819 90.08212
-0.1172558 10.70592 90.08212
-0.3391907 10.24364 90.08212
-0.5611258 9.781373 90.08212
-0.7830607 9.319101 90.08212
-1.004996 8.85683 90.08212
-1.252146 8.408451 90.08212
-1.524359 7.973886 90.08212
-1.796574 7.539318 90.08212
-2.068789 7.104749 90.08212
-2.341004 6.670181 90.08212
-2.613219 6.235612 90.08212
-2.885434 5.801044 90.08212
-3.157649 5.366476 90.08212
-3.434655 4.935037 90.08212
-3.722594 4.510724 90.08212
-4.010532 4.086411 90.08212
-4.298471 3.662098 90.08212
-4.586411 3.237784 90.08212
-4.87435 2.813472 90.08212
-5.162286 2.389162 90.08212
-5.4382 1.95726 90.08212
-5.697283 1.514737 90.08212
-5.956367 1.072215 90.08212
-6.215451 0.6296929 90.08212
-6.492018 0.1979315 90.08212
-6.770354 -0.2327378 90.08212
-7.048691 -0.6634102 90.08212
-7.327028 -1.094083 90.08212
-7.605365 -1.524755 90.08212
-7.883702 -1.955428 90.08212
-8.148965 -2.394264 90.08212
-8.430489 -2.822684 90.08212
Stroke End
-2.603135 14.83712 90.08212
-2.194696 14.76766 90.08212
-1.786258 14.69821 90.08212
-1.375743 14.64914 90.08212
-0.9616883 14.63484 90.08212
-0.5476336 14.62054 90.08212
-0.1335786 14.60624 90.08212
0.2804762 14.59194 90.08212
0.694531 14.57764 90.08212
1.108586 14.56334 90.08212
1.519612 14.61462 90.08212
1.930585 14.66703 90.08212
2.341559 14.71944 90.08212
2.752532 14.77184 90.08212
3.163506 14.82425 90.08212
3.574479 14.87666 90.08212
3.985452 14.92907 90.08212
4.396426 14.98148 90.08212
4.807399 15.03389 90.08212
5.218373 15.0863 90.08212
5.627968 15.14793 90.08212
6.036327 15.21786 90.08212
6.444685 15.28778 90.08212
6.853044 15.35771 90.08212
7.261402 15.42763 90.08212
7.66976 15.49755 90.08212
8.078118 15.56748 90.08212
8.486477 15.6374 90.08212
8.894835 15.70732 90.08212
9.303193 15.77725 90.08212
9.711552 15.84717 90.08212
10.11991 15.9171 90.08212
10.52827 15.98702 90.08212
10.93663 16.05695 90.08212
11.34478 16.12799 90.08212
11.75187 16.20494 90.08212
12.15897 16.28191 90.08212
12.56606 16.35887 90.08212
12.97315 16.43583 90.08212
13.38024 16.51278 90.08212
13.78733 16.58975 90.08212
14.19442 16.66671 90.08212
14.60151 16.74367 90.08212
15.0086 16.82063 90.08212
15.41569 16.89759 90.08212
15.82278 16.97455 90.08212
16.22988 17.05151 90.08212
16.63697 17.12847 90.08212
17.04406 17.20543 90.08212
17.45115 17.28239 90.08212
17.85675 17.36672 90.08212
18.2618 17.45376 90.08212
18.66686 17.54081 90.08212
19.07191 17.62786 90.08212
19.47697 17.7149 90.08212
19.88202 17.80195 90.08212
20.28708 17.889 90.08212
20.69213 17.97604 90.08212
21.09718 18.06309 90.08212
21.50224 18.15014 90.08212
21.90729 18.23718 90.08212
22.31235 18.32423 90.08212
22.7174 18.41128 90.08212
23.12245 18.49832 90.08212
23.52759 18.58498 90.08212
23.93456 18.66253 90.08212
24.34154 18.74008 90.08212
24.74852 18.81763 90.08212
25.1555 18.89519 90.08212
25.56248 18.97274 90.08212
25.96946 19.05029 90.08212
26.37644 19.12784 90.08212
26.78341 19.20539 90.08212
27.1904 19.28294 90.08212
27.59737 19.36049 90.08212
28.00435 19.43805 90.08212
28.41224 19.51009 90.08212
28.82264 19.56679 90.08212
29.23304 19.62349 90.08212
29.64345 19.68019 90.08212
30.05385 19.73689 90.08212
30.46425 19.79358 90.08212
30.87466 19.85028 90.08212
31.28506 19.90698 90.08212
31.69546 19.96368 90.08212
32.10587 20.02038 90.08212
32.51627 20.07707 90.08212
32.92667 20.13377 90.08212
33.33989 20.16358 90.08212
33.75314 20.19305 90.08212
34.16639 20.22252 90.08212
34.57965 20.25199 90.08212
34.9929 20.28146 90.08212
35.40615 20.31093 90.08212
35.81962 20.33718 90.08212
36.23314 20.36257 90.08212
36.64667 20.38796 90.08212
37.06034 20.40848 90.08212
37.47464 20.40849 90.08212
37.88894 20.40849 90.08212
Stroke End
12.02399 11.82308 90.08212
12.11357 11.3033 90.08212
12.20316 10.78351 90.08212
12.29274 10.26372 90.08212
12.36291 9.741774 90.08212
12.38989 9.215014 90.08212
12.41687 8.688255 90.08212
12.44385 8.161496 90.08212
12.47083 7.634737 90.08212
12.4978 7.107978 90.08212
12.52478 6.581219 90.08212
12.55176 6.05446 90.08212
12.57874 5.5277 90.08212
12.59973 5.000916 90.08212
12.57703 4.473956 90.08212
12.55432 3.946995 90.08212
12.53162 3.420035 90.08212
12.50138 2.893511 90.08212
12.46299 2.36746 90.08212
12.42461 1.841409 90.08212
12.38622 1.315358 90.08212
12.34784 0.7893072 90.08212
12.30945 0.2632563 90.08212
12.27107 -0.2627949 90.08212
12.23268 -0.7888457 90.08212
12.1943 -1.314897 90.08212
12.15591 -1.840948 90.08212
12.11753 -2.366999 90.08212
12.06038 -2.891209 90.08212
11.99579 -3.414689 90.08212
11.9312 -3.938169 90.08212
11.86662 -4.461648 90.08212
11.81028 -4.986073 90.08212
11.75509 -5.510628 90.08212
11.6999 -6.035182 90.08212
11.64471 -6.559735 90.08211
11.58952 -7.084291 90.08211
11.53434 -7.608846 90.08211
11.47915 -8.1334 90.08211
11.43003 -8.658501 90.08211
11.39037 -9.184459 90.08211
11.35071 -9.710416 90.08211
11.31105 -10.23637 90.08211
11.2714 -10.76233 90.08211
11.23174 -11.28829 90.08211
11.19208 -11.81424 90.08211
11.15242 -12.3402 90.08211
11.11248 -12.86613 90.08211
11.06762 -13.39167 90.08211
11.02276 -13.91721 90.08211
10.9779 -14.44275 90.08211
10.93304 -14.96829 90.08211
10.88818 -15.49382 90.08211
10.84333 -16.01937 90.08211
10.79847 -16.5449 90.08211
10.75361 -17.07044 90.08211
10.70875 -17.59598 90.08211
10.66828 -18.12187 90.08211
10.62863 -18.64783 90.08211
10.58897 -19.17378 90.08211
10.54931 -19.69974 90.08211
10.50965 -20.2257 90.08211
10.47 -20.75165 90.08211
10.43034 -21.27761 90.08211
10.39068 -21.80357 90.08211
10.34176 -22.32867 90.08211
10.28392 -22.85294 90.08211
10.22607 -23.3772 90.08211
10.16822 -23.90147 90.08211
10.11037 -24.42574 90.08211
10.05252 -24.95 90.08211
9.994676 -25.47427 90.08211
9.938145 -25.99868 90.08211
9.883892 -26.52333 90.08211
9.82964 -27.04799 90.08211
9.775389 -27.57264 90.08211
9.721136 -28.09729 90.08211
9.666883 -28.62194 90.08211
9.6198 -29.14715 90.08211
9.591765 -29.67386 90.08211
9.563732 -30.20056 90.08211
9.535699 -30.72727 90.0821
9.507666 -31.25397 90.0821
9.479632 -31.78067 90.0821
9.437522 -32.30613 90.0821
9.372202 -32.82952 90.0821
9.306883 -33.35291 90.0821
9.241563 -33.87629 90.0821
9.176243 -34.39968 90.0821
9.117921 -34.9238 90.0821
9.074681 -35.44947 90.0821
9.031442 -35.97515 90.0821
8.988202 -36.50082 90.0821
8.931269 -37.02501 90.0821
8.860335 -37.54766 90.0821
8.789402 -38.07032 90.0821
8.718469 -38.59298 90.0821
8.684432 -39.11933 90.0821
8.650414 -39.64568 90.0821
8.590944 -40.1693 90.0821
Stroke End
11.61079 -3.521019 90.08212
11.80779 -3.532476 90.08212
12.00478 -3.543933 90.08212
12.20178 -3.555391 90.08212
12.39877 -3.566848 90.08212
12.59577 -3.578305 90.08212
12.79276 -3.589762 90.08212
12.98976 -3.601219 90.08212
13.18676 -3.612339 90.08212
13.38409 -3.612339 90.08212
13.58142 -3.612339 90.08212
13.77874 -3.612339 90.08212
13.97607 -3.612339 90.08212
14.1734 -3.612339 90.08212
14.37073 -3.612339 90.08212
14.56805 -3.61234 90.08212
14.76538 -3.61234 90.08212
14.96271 -3.61234 90.08212
15.16004 -3.61234 90.08212
15.35736 -3.61234 90.08212
15.55469 -3.612341 90.08212
15.75202 -3.612341 90.08212
15.94935 -3.61234 90.08212
16.14667 -3.61234 90.08212
16.344 -3.61234 90.08212
16.54133 -3.61234 90.08212
16.73866 -3.61234 90.08212
16.93598 -3.61234 90.08212
17.13331 -3.61234 90.08212
17.33064 -3.61234 90.08212
17.52797 -3.61234 90.08212
17.72529 -3.61234 90.08212
17.92262 -3.61234 90.08212
18.11995 -3.61234 90.08212
18.31728 -3.61234 90.08212
18.5146 -3.612339 90.08212
18.71193 -3.612339 90.08212
18.90826 -3.592845 90.08212
19.10456 -3.572757 90.08212
19.30087 -3.552668 90.08212
19.49717 -3.532579 90.08212
19.69347 -3.512491 90.08212
19.88977 -3.492402 90.08212
20.08608 -3.472314 90.08212
20.28238 -3.452225 90.08212
20.47868 -3.432137 90.08212
20.67498 -3.412048 90.08212
20.87129 -3.391959 90.08212
21.06759 -3.371871 90.08212
21.26389 -3.351782 90.08212
21.46019 -3.331694 90.08212
21.6565 -3.311605 90.08212
21.8528 -3.291517 90.08212
22.0491 -3.271428 90.08212
22.2454 -3.251339 90.08212
22.4417 -3.231251 90.08212
22.63801 -3.211162 90.08212
22.83431 -3.191074 90.08212
23.03061 -3.170985 90.08212
23.22681 -3.149955 90.08212
23.42266 -3.125903 90.08212
23.61852 -3.101851 90.08212
23.81438 -3.0778 90.08212
24.01023 -3.053748 90.08212
24.20609 -3.029696 90.08212
24.40195 -3.005644 90.08212
24.5978 -2.981592 90.08212
24.79366 -2.957541 90.08212
24.98951 -2.933489 90.08212
25.18537 -2.909437 90.08212
25.38123 -2.885385 90.08212
25.57708 -2.861333 90.08212
25.77294 -2.837281 90.08212
25.9688 -2.81323 90.08212
26.16457 -2.788619 90.08212
26.35863 -2.752877 90.08212
26.55269 -2.717135 90.08212
26.74676 -2.681393 90.08212
26.94082 -2.64565 90.08212
27.13488 -2.609908 90.08212
27.32719 -2.565747 90.08212
27.51939 -2.521026 90.08212
27.71158 -2.476305 90.08212
27.90377 -2.431585 90.08212
28.09597 -2.386864 90.08212
28.28816 -2.342144 90.08212
28.48035 -2.297423 90.08212
28.67254 -2.252703 90.08212
28.86617 -2.214878 90.08212
29.06024 -2.179134 90.08212
29.25386 -2.141315 90.08212
29.44588 -2.095841 90.08212
29.6379 -2.050366 90.08212
29.82991 -2.004892 90.08212
30.02193 -1.959417 90.08212
30.21395 -1.913942 90.08212
30.40696 -1.877012 90.08212
30.60429 -1.877012 90.08212
30.80161 -1.877013 90.08212
30.99894 -1.877012 90.08212
Stroke End
9.37954 -18.59111 90.08211
9.658256 -18.52002 90.08211
9.93697 -18.44894 90.08211
10.21568 -18.37785 90.08211
10.49477 -18.30836 90.08211
10.77604 -18.24819 90.08211
11.05732 -18.18802 90.08211
11.33859 -18.12785 90.08211
11.61986 -18.06768 90.08211
11.90114 -18.00751 90.08211
12.18241 -17.94734 90.08211
12.46368 -17.88717 90.08211
12.74496 -17.827 90.08211
13.02621 -17.76676 90.08211
13.30707 -17.70468 90.08211
13.58793 -17.6426 90.08211
13.86879 -17.58051 90.08211
14.14964 -17.51843 90.08211
14.4305 -17.45635 90.08211
14.71136 -17.39427 90.08211
14.99222 -17.33219 90.08211
15.27307 -17.27011 90.08211
15.55393 -17.20803 90.08211
15.83479 -17.14595 90.08211
16.11564 -17.08386 90.08211
16.3965 -17.02178 90.08211
16.67736 -16.9597 90.08211
16.95713 -16.89294 90.08211
17.23663 -16.82498 90.08211
17.51612 -16.75702 90.08211
17.79561 -16.68906 90.08211
18.07511 -16.62111 90.08211
18.3546 -16.55315 90.08211
18.63409 -16.48519 90.08211
18.91359 -16.41723 90.08211
19.19308 -16.34928 90.08211
19.47257 -16.28132 90.08211
19.75207 -16.21336 90.08211
20.03156 -16.1454 90.08211
20.31105 -16.07745 90.08211
20.59055 -16.00949 90.08211
20.87008 -15.9417 90.08211
21.15246 -15.88695 90.08211
21.43484 -15.8322 90.08211
21.71721 -15.77745 90.08211
21.99959 -15.72269 90.08211
22.28197 -15.66794 90.08211
22.56434 -15.61319 90.08211
22.84672 -15.55844 90.08211
23.1291 -15.50368 90.08211
23.41148 -15.44893 90.08211
23.69386 -15.39418 90.08211
23.97623 -15.33943 90.08211
24.25861 -15.28468 90.08211
24.54099 -15.22992 90.08211
24.82337 -15.17517 90.08211
25.10575 -15.12042 90.08211
25.38812 -15.06567 90.08211
25.67 -15.00848 90.08211
25.95085 -14.9464 90.08211
26.23171 -14.88432 90.08211
26.51257 -14.82224 90.08211
26.79342 -14.76015 90.08211
27.07428 -14.69807 90.08211
27.35514 -14.63599 90.08211
27.636 -14.57391 90.08211
27.91685 -14.51183 90.08211
28.19771 -14.44975 90.08211
28.47857 -14.38766 90.08211
28.75943 -14.32558 90.08211
29.03877 -14.25725 90.08211
29.31694 -14.18405 90.08211
29.5951 -14.11086 90.08211
29.87327 -14.03766 90.08211
30.15144 -13.96446 90.08211
30.42961 -13.89127 90.08211
30.70778 -13.81807 90.08211
30.98594 -13.74487 90.08211
31.26411 -13.67167 90.08211
31.54228 -13.59848 90.08211
31.82045 -13.52528 90.08211
32.09861 -13.45208 90.08211
32.3767 -13.3786 90.08211
32.65395 -13.30199 90.08211
32.9312 -13.22539 90.08211
33.20845 -13.14878 90.08211
33.48569 -13.07218 90.08211
33.76294 -12.99557 90.08211
34.04019 -12.91897 90.08211
34.31744 -12.84236 90.08211
34.59469 -12.76576 90.08211
34.87348 -12.69506 90.08211
35.15281 -12.62646 90.08211
35.43215 -12.55785 90.08211
35.71148 -12.48925 90.08211
35.99082 -12.42064 90.08211
36.27078 -12.35473 90.08211
36.55164 -12.29265 90.08211
36.8325 -12.23056 90.08211
37.11335 -12.16848 90.08211
Stroke End
