9
fire
120
-38.96436 12.18841 90.08212
-38.93591 12.03117 90.08212
-38.90745 11.87393 90.08212
-38.87899 11.71669 90.08212
-38.85054 11.55945 90.08212
-38.82208 11.40221 90.08212
-38.79363 11.24497 90.08212
-38.76517 11.08773 90.08212
-38.73672 10.93049 90.08212
-38.70827 10.77325 90.08212
-38.67981 10.61601 90.08212
-38.65136 10.45877 90.08212
-38.61755 10.30275 90.08212
-38.57513 10.14869 90.08212
-38.53271 9.994632 90.08212
-38.49028 9.840573 90.08212
-38.44786 9.686514 90.08212
-38.40543 9.532454 90.08212
-38.36301 9.378396 90.08212
-38.32059 9.224337 90.08212
-38.27816 9.070278 90.08212
-38.23574 8.916219 90.08212
-38.19331 8.762159 90.08212
-38.15089 8.608101 90.08212
-38.10846 8.454041 90.08212
-38.06604 8.299983 90.08212
-38.0116 8.149928 90.08212
-37.95311 8.001227 90.08212
-37.89461 7.852526 90.08212
-37.83611 7.703825 90.08212
-37.77761 7.555124 90.08212
-37.71912 7.406422 90.08212
-37.66062 7.257721 90.08212
-37.60212 7.10902 90.08212
-37.54362 6.960319 90.08212
-37.48513 6.811618 90.08212
-37.42663 6.662917 90.08212
-37.36813 6.514216 90.08212
-37.30963 6.365514 90.08212
-37.25114 6.216814 90.08212
-37.18551 6.071246 90.08212
-37.11552 5.927594 90.08212
-37.04554 5.783942 90.08212
-36.97555 5.64029 90.08212
-36.90556 5.496638 90.08212
-36.83558 5.352987 90.08212
-36.76559 5.209335 90.08212
-36.6956 5.065683 90.08212
-36.62708 4.921344 90.08212
-36.56121 4.775756 90.08212
-36.49535 4.630168 90.08212
-36.42949 4.484581 90.08212
-36.36362 4.338992 90.08212
-36.29775 4.193404 90.08212
-36.23189 4.047816 90.08212
-36.16602 3.902229 90.08212
-36.10016 3.756641 90.08212
-36.03429 3.611053 90.08212
-35.96843 3.465464 90.08212
-35.90257 3.319877 90.08212
-35.8367 3.174289 90.08212
-35.77084 3.028701 90.08212
-35.70497 2.883113 90.08212
-35.63752 2.738281 90.08212
-35.56632 2.595223 90.08212
-35.49513 2.452164 90.08212
-35.42394 2.309106 90.08212
-35.35275 2.166047 90.08212
-35.28156 2.022988 90.08212
-35.21037 1.879929 90.08212
-35.13918 1.736871 90.08212
-35.06798 1.593812 90.08212
-34.99679 1.450754 90.08212
-34.9256 1.307695 90.08212
-34.85441 1.164637 90.08212
-34.78322 1.021578 90.08212
-34.71134 0.8788627 90.08212
-34.63886 0.7364523 90.08212
-34.56638 0.5940427 90.08212
-34.4939 0.4516323 90.08212
-34.42142 0.3092219 90.08212
-34.34895 0.1668123 90.08212
-34.27647 0.02440179 90.08212
-34.20398 -0.1180086 90.08212
-34.1315 -0.2604191 90.08212
-34.05902 -0.4028287 90.08212
-33.9846 -0.5441833 90.08212
-33.90487 -0.6826628 90.08212
-33.82513 -0.8211422 90.08212
-33.7454 -0.9596208 90.08212
-33.66566 -1.0981 90.08212
-33.58593 -1.23658 90.08212
-33.5062 -1.375059 90.08212
-33.42654 -1.513584 90.08212
-33.35316 -1.655529 90.08212
-33.27977 -1.797473 90.08212
-33.20638 -1.939416 90.08212
-33.13299 -2.081361 90.08212
-33.06343 -2.225161 90.08212
-32.99757 -2.370748 90.08212
Stroke End
-10.94969 20.95648 90.08212
-11.06743 20.79382 90.08212
-11.18517 20.63116 90.08212
-11.30374 20.46912 90.08212
-11.42581 20.30968 90.08212
-11.54788 20.15024 90.08212
-11.66995 19.9908 90.08212
-11.79202 19.83136 90.08212
-11.91408 19.67192 90.08212
-12.03615 19.51248 90.08212
-12.15822 19.35303 90.08212
-12.28055 19.1938 90.08212
-12.40296 19.03462 90.08212
-12.52538 18.87545 90.08212
-12.6478 18.71628 90.08212
-12.77021 18.55711 90.08212
-12.89263 18.39793 90.08212
-13.01505 18.23876 90.08212
-13.13746 18.07959 90.08212
-13.25988 17.92042 90.08212
-13.38229 17.76124 90.08212
-13.50471 17.60207 90.08212
-13.62672 17.44258 90.08212
-13.74761 17.28225 90.08212
-13.8685 17.12192 90.08212
-13.98939 16.96159 90.08212
-14.11029 16.80125 90.08212
-14.23118 16.64092 90.08212
-14.35207 16.48059 90.08212
-14.47296 16.32025 90.08212
-14.59385 16.15992 90.08212
-14.71475 15.99959 90.08212
-14.83564 15.83925 90.08212
-14.95653 15.67892 90.08212
-15.07742 15.51859 90.08212
-15.19832 15.35825 90.08212
-15.32927 15.20641 90.08212
-15.467 15.06029 90.08212
-15.60472 14.91416 90.08212
-15.74245 14.76803 90.08212
-15.88018 14.6219 90.08212
-16.0179 14.47578 90.08212
-16.15563 14.32965 90.08212
-16.29335 14.18352 90.08212
-16.43108 14.03739 90.08212
-16.56881 13.89127 90.08212
-16.70653 13.74514 90.08212
-16.84426 13.59901 90.08212
-16.98198 13.45288 90.08212
-17.11971 13.30676 90.08212
-17.25743 13.16063 90.08212
-17.39951 13.01882 90.08212
-17.54452 12.87992 90.08212
-17.68954 12.74102 90.08212
-17.83455 12.60212 90.08212
-17.97956 12.46321 90.08212
-18.12457 12.32431 90.08212
-18.26958 12.18541 90.08212
-18.41459 12.04651 90.08212
-18.55945 11.90746 90.08212
-18.70145 11.76547 90.08212
-18.84344 11.62349 90.08212
-18.98543 11.4815 90.08212
-19.12742 11.33952 90.08212
-19.26941 11.19753 90.08212
-19.41141 11.05554 90.08212
-19.5534 10.91356 90.08212
-19.69539 10.77157 90.08212
-19.83738 10.62959 90.08212
-19.97937 10.4876 90.08212
-20.12136 10.34562 90.08212
-20.26336 10.20363 90.08212
-20.39934 10.05593 90.08212
-20.53406 9.907027 90.08212
-20.66879 9.758129 90.08212
-20.80351 9.609229 90.08212
-20.93823 9.46033 90.08212
-21.07296 9.311431 90.08212
-21.20768 9.162533 90.08212
-21.34241 9.013633 90.08212
-21.47713 8.864735 90.08212
-21.61192 8.715895 90.08212
-21.75169 8.57172 90.08212
-21.89146 8.427546 90.08212
-22.03123 8.28337 90.08212
-22.171 8.139195 90.08212
-22.31077 7.995019 90.08212
-22.45053 7.850845 90.08212
-22.5903 7.70667 90.08212
-22.73007 7.562494 90.08212
-22.87225 7.420964 90.08212
-23.02876 7.295161 90.08212
-23.18527 7.169358 90.08212
-23.34178 7.043555 90.08212
-23.49829 6.917751 90.08212
-23.6548 6.791949 90.08212
-23.82275 6.687165 90.08212
-24.01335 6.62397 90.08212
-24.20395 6.560775 90.08212
-24.39455 6.497581 90.08212
Stroke End
-25.08099 35.56991 90.08213
-24.87546 34.79762 90.08213
-24.66994 34.02534 90.08213
-24.5459 33.2359 90.08213
-24.42272 32.44628 90.08213
-24.29954 31.65667 90.08213
-24.1987 30.86407 90.08213
-24.1107 30.06976 90.08213
-24.0227 29.27546 90.08213
-23.93469 28.48115 90.08213
-23.84669 27.68684 90.08213
-23.75871 26.89253 90.08213
-23.69602 26.09583 90.08213
-23.63334 25.29912 90.08212
-23.58124 24.50178 90.08212
-23.54764 23.70332 90.08212
-23.51404 22.90486 90.08212
-23.48044 22.10639 90.08212
-23.44684 21.30793 90.08212
-23.43465 20.50922 90.08212
-23.44911 19.71018 90.08212
-23.46356 18.91114 90.08212
-23.47802 18.11211 90.08212
-23.49248 17.31307 90.08212
-23.50694 16.51403 90.08212
-23.54379 15.71583 90.08212
-23.58891 14.91794 90.08212
-23.63403 14.12005 90.08212
-23.67915 13.32216 90.08212
-23.72427 12.52426 90.08212
-23.77135 11.72649 90.08212
-23.82479 10.92911 90.08212
-23.87824 10.13173 90.08212
-23.93168 9.334355 90.08212
-23.98512 8.536977 90.08212
-24.03856 7.739598 90.08212
-24.09624 6.942729 90.08212
-24.2337 6.155475 90.08212
-24.37116 5.368219 90.08212
-24.50863 4.580963 90.08212
-24.64609 3.793706 90.08212
-24.78356 3.006452 90.08212
-24.92102 2.219196 90.08212
-25.08035 1.436482 90.08212
-25.2678 0.6596077 90.08212
-25.45524 -0.1172666 90.08212
-25.64268 -0.894141 90.08212
-25.83013 -1.671015 90.08212
-26.01757 -2.44789 90.08212
-26.20502 -3.224764 90.08212
-26.4116 -3.996359 90.08212
-26.64894 -4.759468 90.08212
-26.88629 -5.522576 90.08212
-27.12364 -6.285686 90.08212
-27.36508 -7.047499 90.08212
-27.60982 -7.808268 90.08212
-27.85457 -8.569033 90.08212
-28.09931 -9.329802 90.08212
-28.34406 -10.09057 90.08212
-28.5888 -10.85134 90.08212
-28.83355 -11.61211 90.08212
-29.07829 -12.37288 90.08212
-29.32304 -13.13365 90.08212
-29.56778 -13.89441 90.08212
-29.81253 -14.65518 90.08212
-30.07923 -15.40841 90.08212
-30.35331 -16.15911 90.08212
-30.62739 -16.90981 90.08212
-30.90147 -17.66051 90.08211
-31.17554 -18.41121 90.08211
-31.44962 -19.16191 90.08211
-31.7237 -19.91261 90.08211
-32.03448 -20.64863 90.08211
-32.35366 -21.38129 90.08211
-32.67284 -22.11395 90.08211
-33.02937 -22.82767 90.08211
-33.43192 -23.51805 90.08211
-33.83448 -24.20843 90.08211
-34.23703 -24.8988 90.08211
-34.63958 -25.58918 90.08211
-35.04213 -26.27955 90.08211
-35.44975 -26.96693 90.08211
-35.86252 -27.65124 90.08211
-36.2753 -28.33556 90.08211
-36.68807 -29.01987 90.08211
-37.10085 -29.70418 90.08211
-37.51363 -30.38849 90.08211
-37.962 -31.04987 90.08211
-38.41482 -31.70836 90.08211
-38.86764 -32.36687 90.08211
-39.32046 -33.02536 90.08211
-39.77328 -33.68387 90.08211
-40.2261 -34.34237 90.08211
-40.67892 -35.00087 90.08211
-41.23433 -35.57474 90.08211
-41.7947 -36.14453 90.08211
-42.35507 -36.71431 90.08211
-42.89826 -37.29926 90.08211
-43.39156 -37.92793 90.08211
-43.86015 -38.5753 90.08211
Stroke End
-26.73377 -11.19307 90.08212
-26.59239 -11.34932 90.08212
-26.451 -11.50557 90.08212
-26.30962 -11.66183 90.08212
-26.16824 -11.81808 90.08212
-26.02686 -11.97433 90.08212
-25.89388 -12.13766 90.08212
-25.76385 -12.30348 90.08212
-25.63382 -12.4693 90.08212
-25.50379 -12.63512 90.08212
-25.37376 -12.80094 90.08212
-25.24373 -12.96676 90.08212
-25.11371 -13.13258 90.08212
-24.98368 -13.2984 90.08212
-24.8522 -13.46306 90.08212
-24.71914 -13.62646 90.08212
-24.58609 -13.78986 90.08212
-24.45303 -13.95326 90.08212
-24.31997 -14.11665 90.08212
-24.18691 -14.28005 90.08212
-24.05385 -14.44345 90.08212
-23.92079 -14.60685 90.08212
-23.78773 -14.77025 90.08212
-23.65467 -14.93364 90.08212
-23.52161 -15.09704 90.08212
-23.38215 -15.25444 90.08212
-23.22761 -15.39769 90.08212
-23.07307 -15.54094 90.08212
-22.91853 -15.68419 90.08212
-22.76399 -15.82744 90.08212
-22.60945 -15.97069 90.08212
-22.45491 -16.11395 90.08212
-22.30037 -16.2572 90.08212
-22.14583 -16.40045 90.08211
-21.99129 -16.5437 90.08211
-21.83675 -16.68695 90.08211
-21.68221 -16.8302 90.08211
-21.52767 -16.97345 90.08211
-21.37313 -17.1167 90.08211
-21.21859 -17.25996 90.08211
-21.06405 -17.40321 90.08211
-20.90951 -17.54646 90.08211
-20.75118 -17.68546 90.08211
-20.59138 -17.82283 90.08211
-20.43159 -17.96019 90.08211
-20.27179 -18.09755 90.08211
-20.11199 -18.23491 90.08211
-19.9522 -18.37228 90.08211
-19.7924 -18.50964 90.08211
-19.6326 -18.647 90.08211
-19.4728 -18.78436 90.08211
-19.31301 -18.92173 90.08211
-19.15321 -19.05909 90.08211
-18.99341 -19.19645 90.08211
-18.83361 -19.33381 90.08211
-18.67382 -19.47118 90.08211
-18.51369 -19.60815 90.08211
-18.35345 -19.745 90.08211
-18.19321 -19.88185 90.08211
-18.03297 -20.01869 90.08211
-17.87274 -20.15554 90.08211
-17.7125 -20.29239 90.08211
-17.55226 -20.42924 90.08211
-17.39202 -20.56609 90.08211
-17.23179 -20.70294 90.08211
-17.07155 -20.83978 90.08211
-16.91131 -20.97663 90.08211
-16.74942 -21.11149 90.08211
-16.58518 -21.24351 90.08211
-16.42094 -21.37552 90.08211
-16.2567 -21.50754 90.08211
-16.09246 -21.63955 90.08211
-15.92822 -21.77157 90.08211
-15.76397 -21.90359 90.08211
-15.59973 -22.0356 90.08211
-15.43549 -22.16762 90.08211
-15.27125 -22.29963 90.08211
-15.10701 -22.43165 90.08211
-14.93887 -22.55834 90.08211
-14.76325 -22.6748 90.08211
-14.58764 -22.79126 90.08211
-14.41202 -22.90771 90.08211
-14.2364 -23.02417 90.08211
-14.05416 -23.12951 90.08211
-13.86814 -23.22849 90.08211
-13.68211 -23.32748 90.08211
-13.49609 -23.42647 90.08211
-13.31007 -23.52546 90.08211
-13.12404 -23.62445 90.08211
-12.93802 -23.72344 90.08211
-12.752 -23.82243 90.08211
-12.56597 -23.92142 90.08211
-12.37995 -24.02041 90.08211
-12.19392 -24.1194 90.08211
-12.0079 -24.21839 90.08211
-11.80966 -24.28499 90.08211
-11.60461 -24.33356 90.08211
-11.39956 -24.38212 90.08211
-11.19451 -24.43069 90.08211
-10.98946 -24.47925 90.08211
Stroke End
8.883709 41.23261 90.08213
8.734301 40.82896 90.08213
8.584892 40.42531 90.08213
8.435484 40.02166 90.08213
8.286075 39.61801 90.08213
8.137134 39.2142 90.08213
8.008938 38.80333 90.08213
7.880742 38.39244 90.08213
7.752546 37.98157 90.08213
7.624351 37.57069 90.08213
7.496155 37.15981 90.08213
7.367959 36.74893 90.08213
7.221117 36.3447 90.08213
7.06053 35.94536 90.08213
6.899943 35.54603 90.08213
6.739357 35.14669 90.08213
6.580542 34.74666 90.08213
6.423818 34.34579 90.08213
6.267094 33.94493 90.08213
6.11037 33.54406 90.08213
5.953646 33.1432 90.08213
5.796922 32.74233 90.08213
5.640198 32.34146 90.08213
5.483474 31.9406 90.08213
5.32675 31.53973 90.08213
5.170025 31.13887 90.08212
5.013301 30.738 90.08212
4.856577 30.33714 90.08212
4.699853 29.93627 90.08212
4.543129 29.5354 90.08212
4.386405 29.13454 90.08212
4.229681 28.73367 90.08212
4.072957 28.33281 90.08212
3.916233 27.93194 90.08212
3.759486 27.53108 90.08212
3.596441 27.13275 90.08212
3.433397 26.73441 90.08212
3.270353 26.33607 90.08212
3.107308 25.93774 90.08212
2.944265 25.5394 90.08212
2.78122 25.14106 90.08212
2.618176 24.74273 90.08212
2.455132 24.34439 90.08212
2.292087 23.94605 90.08212
2.126611 23.54873 90.08212
1.957053 23.15313 90.08212
1.787496 22.75752 90.08212
1.617939 22.36191 90.08212
1.448382 21.9663 90.08212
1.274827 21.57243 90.08212
1.101219 21.17858 90.08212
0.9276118 20.78473 90.08212
0.7540039 20.39089 90.08212
0.5803967 19.99704 90.08212
0.4067889 19.60319 90.08212
0.2331809 19.20934 90.08212
0.05957378 18.81549 90.08212
-0.1140341 18.42165 90.08212
-0.2912257 18.0294 90.08212
-0.4686354 17.63725 90.08212
-0.6460451 17.2451 90.08212
-0.823454 16.85295 90.08212
-1.000864 16.4608 90.08212
-1.193226 16.07584 90.08212
-1.388897 15.69248 90.08212
-1.584567 15.30911 90.08212
-1.780237 14.92575 90.08212
-1.975907 14.54238 90.08212
-2.171577 14.15902 90.08212
-2.367247 13.77565 90.08212
-2.562917 13.39229 90.08212
-2.758587 13.00892 90.08212
-2.96369 12.63065 90.08212
-3.177241 12.25696 90.08212
-3.390794 11.88326 90.08212
-3.604346 11.50956 90.08212
-3.817899 11.13585 90.08212
-4.031451 10.76216 90.08212
-4.245002 10.38846 90.08212
-4.458554 10.01476 90.08212
-4.672108 9.641058 90.08212
-4.887083 9.268188 90.08212
-5.106565 8.897942 90.08212
-5.32605 8.527692 90.08212
-5.545532 8.157445 90.08212
-5.765015 7.787199 90.08212
-5.984499 7.416949 90.08212
-6.203981 7.046702 90.08212
-6.423057 6.676219 90.08212
-6.637825 6.303218 90.08212
-6.852596 5.930214 90.08212
-7.067364 5.557214 90.08212
-7.282133 5.184214 90.08212
-7.496903 4.81121 90.08212
-7.727896 4.44825 90.08212
-7.965866 4.089606 90.08212
-8.203835 3.730963 90.08212
-8.441807 3.372316 90.08212
-8.647182 2.994323 90.08212
-8.848084 2.613676 90.08212
Stroke End
-0.7850757 16.29845 90.08212
0.0394485 16.29845 90.08212
0.8639727 16.29845 90.08212
1.673506 16.44646 90.08212
2.481286 16.61178 90.08212
3.289065 16.77711 90.08212
4.096845 16.94243 90.08212
4.904624 17.10776 90.08212
5.709789 17.28471 90.08212
6.510516 17.48137 90.08212
7.311243 17.67803 90.08212
8.112681 17.87176 90.08212
8.914626 18.06339 90.08212
9.716571 18.25503 90.08212
10.51852 18.44667 90.08212
11.32046 18.6383 90.08212
12.12241 18.82994 90.08212
12.92435 19.02158 90.08212
13.7263 19.21321 90.08212
14.53836 19.35564 90.08212
15.35086 19.49595 90.08212
16.16335 19.63626 90.08212
16.97749 19.76656 90.08212
17.79232 19.89264 90.08212
18.60715 20.01872 90.08212
19.42198 20.1448 90.08212
20.2368 20.27089 90.08212
21.04839 20.41567 90.08212
21.85809 20.57129 90.08212
22.67081 20.70644 90.08212
23.49105 20.79038 90.08212
24.31129 20.87432 90.08212
25.13153 20.95826 90.08212
25.95177 21.0422 90.08212
26.77201 21.12614 90.08212
27.59587 21.13914 90.08212
28.42039 21.13914 90.08212
29.23363 21.03637 90.08212
29.78505 20.47169 90.08212
29.87405 19.66278 90.08212
29.78057 18.84756 90.08212
29.61804 18.03922 90.08212
29.4723 17.22783 90.08212
29.34079 16.41386 90.08212
29.20927 15.59989 90.08212
29.08419 14.78495 90.08212
28.96877 13.96854 90.08212
28.85335 13.15214 90.08212
28.73792 12.33573 90.08212
28.5823 11.52625 90.08212
28.41781 10.7183 90.08212
28.25333 9.910352 90.08212
28.08885 9.1024 90.08212
27.93586 8.292391 90.08212
27.80998 7.477532 90.08212
27.6841 6.662674 90.08212
27.55822 5.847816 90.08212
27.43234 5.032957 90.08212
27.30087 4.218987 90.08212
27.16703 3.405399 90.08212
27.03319 2.591811 90.08212
26.89934 1.778222 90.08212
26.7655 0.9646342 90.08212
26.57439 0.1632275 90.08212
26.36549 -0.6343921 90.08212
26.15658 -1.432012 90.08212
25.94767 -2.229632 90.08212
25.74614 -3.029095 90.08212
25.55515 -3.831195 90.08212
25.36417 -4.633295 90.08211
25.17318 -5.435395 90.08211
24.98042 -6.23705 90.08211
24.76837 -7.033843 90.08211
24.5571 -7.830837 90.08211
24.35074 -8.629119 90.08211
24.14437 -9.4274 90.08211
23.938 -10.22568 90.08211
23.68378 -11.00992 90.08211
23.42609 -11.79314 90.08211
23.15999 -12.57346 90.08211
22.87939 -13.34877 90.08211
22.58258 -14.11788 90.08211
22.28915 -14.88829 90.08211
21.78739 -15.48134 90.08211
20.96851 -15.43842 90.08211
20.16114 -15.27112 90.08211
19.36534 -15.05822 90.08211
18.5759 -14.82026 90.08211
17.79763 -14.55173 90.08211
17.04085 -14.22444 90.08211
16.28406 -13.89714 90.08211
15.51884 -13.59026 90.08211
14.7519 -13.28753 90.08211
13.98496 -12.9848 90.08211
13.19903 -12.73706 90.08211
12.40876 -12.50191 90.08211
11.62005 -12.26202 90.08211
10.84635 -11.977 90.08211
10.07266 -11.69197 90.08211
9.327616 -11.34007 90.08211
Stroke End
-7.561483 2.233028 90.08212
-7.198123 2.233027 90.08212
-6.836934 2.264626 90.08212
-6.476992 2.314355 90.08212
-6.117051 2.364084 90.08212
-5.757109 2.413813 90.08212
-5.397167 2.463542 90.08212
-5.03755 2.515287 90.08212
-4.680201 2.58111 90.08212
-4.322851 2.646933 90.08212
-3.965502 2.712756 90.08212
-3.608153 2.778578 90.08212
-3.250804 2.844401 90.08212
-2.895255 2.918949 90.08212
-2.541036 2.999943 90.08212
-2.186817 3.080937 90.08212
-1.832598 3.161932 90.08212
-1.478379 3.242925 90.08212
-1.12416 3.32392 90.08212
-0.7699407 3.404914 90.08212
-0.414441 3.480031 90.08212
-0.05863985 3.553764 90.08212
0.2971614 3.627498 90.08212
0.6529626 3.701231 90.08212
1.008763 3.774964 90.08212
1.364565 3.848698 90.08212
1.720366 3.922431 90.08212
2.076924 3.992222 90.08212
2.434733 4.055499 90.08212
2.792542 4.118775 90.08212
3.150351 4.182052 90.08212
3.50816 4.245329 90.08212
3.865968 4.308606 90.08212
4.224622 4.366745 90.08212
4.583834 4.421503 90.08212
4.943045 4.476261 90.08212
5.302257 4.531019 90.08212
5.661468 4.585776 90.08212
6.020679 4.640534 90.08212
6.37989 4.695292 90.08212
6.742967 4.699049 90.08212
7.106327 4.699049 90.08212
7.469688 4.699049 90.08212
7.833048 4.699049 90.08212
8.196409 4.699049 90.08212
8.559742 4.698441 90.08212
8.921572 4.665112 90.08212
9.283401 4.631784 90.08212
9.642013 4.580847 90.08212
9.989155 4.474451 90.08212
10.33012 4.348859 90.08212
10.63754 4.157104 90.08212
10.89413 3.908118 90.08212
11.10719 3.613772 90.08212
11.1773 3.258524 90.08212
11.24201 2.900972 90.08212
11.28814 2.541252 90.08212
11.30746 2.178404 90.08212
11.32677 1.815556 90.08212
11.34608 1.452711 90.08212
11.35883 1.08997 90.08212
11.32763 0.7279502 90.08212
11.29644 0.3659303 90.08212
11.26524 0.003912196 90.08212
11.23405 -0.3581077 90.08212
11.20285 -0.7201277 90.08212
11.12519 -1.074459 90.08212
11.03813 -1.427238 90.08212
10.95108 -1.780017 90.08212
10.86403 -2.132796 90.08212
10.77697 -2.485574 90.08212
10.68631 -2.837315 90.08212
10.57274 -3.182474 90.08212
10.45918 -3.527633 90.08212
10.34562 -3.87279 90.08212
10.23205 -4.217949 90.08212
10.11849 -4.563108 90.08212
10.00525 -4.908373 90.08212
9.892713 -5.253866 90.08212
9.780175 -5.599361 90.08212
9.667639 -5.944856 90.08212
9.555102 -6.290349 90.08212
9.442565 -6.635844 90.08212
9.330029 -6.981339 90.08212
9.204202 -7.322097 90.08212
9.072831 -7.660877 90.08212
8.941461 -7.999659 90.08212
8.810091 -8.338441 90.08211
8.67872 -8.677223 90.08211
8.546179 -9.015494 90.08211
8.388261 -9.342745 90.08211
8.230342 -9.669996 90.08211
8.072424 -9.997247 90.08211
7.914506 -10.3245 90.08211
7.746561 -10.64669 90.08211
7.576954 -10.96803 90.08211
7.407346 -11.28938 90.08211
7.222347 -11.60148 90.08211
7.018311 -11.90215 90.08211
6.813603 -12.20229 90.08211
Stroke End
-8.553155 -14.38975 90.08211
-8.404367 -14.33102 90.08211
-8.255579 -14.27229 90.08211
-8.106791 -14.21356 90.08211
-7.958004 -14.15483 90.08211
-7.809216 -14.0961 90.08211
-7.660428 -14.03737 90.08211
-7.511641 -13.97864 90.08211
-7.361194 -13.92534 90.08211
-7.205005 -13.89081 90.08211
-7.048816 -13.85629 90.08211
-6.892627 -13.82177 90.08211
-6.736437 -13.78724 90.08211
-6.580249 -13.75272 90.08211
-6.424059 -13.71819 90.08211
-6.26787 -13.68367 90.08211
-6.111681 -13.64914 90.08211
-5.955492 -13.61462 90.08211
-5.799304 -13.5801 90.08211
-5.643114 -13.54557 90.08211
-5.486926 -13.51105 90.08211
-5.330736 -13.47652 90.08211
-5.174547 -13.442 90.08211
-5.018358 -13.40747 90.08211
-4.862169 -13.37295 90.08211
-4.70598 -13.33842 90.08211
-4.549791 -13.3039 90.08211
-4.39329 -13.27083 90.08211
-4.236659 -13.23837 90.08211
-4.080028 -13.20591 90.08211
-3.923397 -13.17345 90.08211
-3.766766 -13.14099 90.08211
-3.610135 -13.10853 90.08211
-3.453504 -13.07607 90.08211
-3.296873 -13.04361 90.08211
-3.140221 -13.01125 90.08211
-2.98351 -12.97918 90.08211
-2.826799 -12.94711 90.08211
-2.670088 -12.91503 90.08211
-2.513378 -12.88296 90.08211
-2.356667 -12.85089 90.08211
-2.199956 -12.81881 90.08211
-2.043245 -12.78674 90.08211
-1.886534 -12.75467 90.08211
-1.729824 -12.72259 90.08211
-1.573113 -12.69052 90.08211
-1.416402 -12.65845 90.08211
-1.259692 -12.62638 90.08211
-1.102981 -12.5943 90.08211
-0.9462702 -12.56223 90.08211
-0.7895595 -12.53016 90.08211
-0.6328485 -12.49808 90.08211
-0.4761381 -12.46601 90.08211
-0.3194269 -12.43394 90.08211
-0.1627164 -12.40186 90.08211
-0.006006005 -12.36979 90.08211
0.1507052 -12.33772 90.08211
0.3074157 -12.30564 90.08211
0.4641272 -12.27357 90.08211
0.6208376 -12.2415 90.08211
0.7775477 -12.20942 90.08211
0.9342592 -12.17735 90.08211
1.09097 -12.14528 90.08211
1.247681 -12.1132 90.08211
1.405074 -12.08474 90.08211
1.562652 -12.05724 90.08211
1.72023 -12.02974 90.08211
1.877807 -12.00224 90.08211
2.035385 -11.97474 90.08211
2.192962 -11.94724 90.08211
2.35054 -11.91974 90.08211
2.508118 -11.89224 90.08211
2.665695 -11.86474 90.08211
2.823273 -11.83724 90.08211
2.980444 -11.80752 90.08211
3.137527 -11.77733 90.08211
3.294612 -11.74713 90.08211
3.451695 -11.71694 90.08211
3.608779 -11.68675 90.08211
3.765863 -11.65656 90.08211
3.922947 -11.62636 90.08211
4.080031 -11.59617 90.08211
4.237115 -11.56598 90.08211
4.394198 -11.53579 90.08211
4.551283 -11.50559 90.08211
4.708366 -11.4754 90.08211
4.865617 -11.44609 90.08211
5.022929 -11.41711 90.08211
5.180242 -11.38813 90.08211
5.337554 -11.35916 90.08211
5.494867 -11.33018 90.08211
5.65218 -11.3012 90.08211
5.809493 -11.27223 90.08211
5.966805 -11.24325 90.08211
6.124118 -11.21427 90.08211
6.279496 -11.17824 90.08211
6.429592 -11.12294 90.08211
6.585767 -11.10172 90.08211
6.745725 -11.10172 90.08211
6.905685 -11.10172 90.08211
Stroke End
-7.148289 1.411015 90.08212
-7.110835 0.4589583 90.08212
-7.07338 -0.4930981 90.08212
-7.065648 -1.445739 90.08212
-7.065648 -2.398532 90.08212
-7.080466 -3.350942 90.08212
-7.129663 -4.302464 90.08212
-7.17886 -5.253985 90.08212
-7.228057 -6.205508 90.08212
-7.331758 -7.152543 90.08212
-7.438837 -8.099299 90.08212
-7.545915 -9.046056 90.08212
-7.675466 -9.989954 90.08212
-7.808841 -10.93337 90.08212
-7.942216 -11.87678 90.08212
-8.050984 -12.82324 90.08212
-8.15464 -13.77034 90.08211
-8.279281 -14.71495 90.08211
-8.403921 -15.65955 90.08211
-8.528563 -16.60416 90.08211
-8.653203 -17.54877 90.08211
-8.762254 -18.49515 90.08211
-8.85419 -19.4435 90.08211
-8.946126 -20.39185 90.08211
-8.966351 -21.34366 90.08211
-8.966352 -22.29646 90.08211
-8.966351 -23.24925 90.08211
-8.942103 -24.19978 90.08211
-8.765609 -25.13608 90.08211
-8.589113 -26.07238 90.08211
-8.278862 -26.97049 90.08211
-7.881697 -27.83297 90.08211
-7.32991 -28.60818 90.08211
-6.737024 -29.35228 90.08211
-6.03957 -30.00141 90.08211
-5.342115 -30.65054 90.08211
-4.599029 -31.24625 90.08211
-3.848789 -31.83358 90.08211
-3.081233 -32.39505 90.08211
-2.252592 -32.86534 90.08211
-1.423951 -33.33562 90.0821
-0.5953132 -33.80591 90.0821
0.2728425 -34.18779 90.0821
1.175913 -34.49157 90.0821
2.092013 -34.74688 90.0821
3.025655 -34.93696 90.0821
3.959297 -35.12703 90.0821
4.893408 -35.31451 90.0821
5.834542 -35.46311 90.0821
6.777209 -35.59978 90.0821
7.725349 -35.69382 90.0821
8.67349 -35.78786 90.0821
9.62163 -35.8819 90.0821
10.56977 -35.97594 90.0821
11.51791 -36.06999 90.0821
12.46605 -36.16403 90.0821
13.41586 -36.23354 90.0821
14.36799 -36.26921 90.0821
15.32011 -36.30489 90.0821
16.27224 -36.34056 90.0821
17.22436 -36.37624 90.0821
18.17639 -36.41435 90.0821
19.12817 -36.45817 90.0821
20.08015 -36.4892 90.0821
21.03282 -36.47372 90.0821
21.98548 -36.45824 90.0821
22.93815 -36.44276 90.0821
23.89082 -36.42728 90.0821
24.84348 -36.4118 90.0821
25.79562 -36.38272 90.0821
26.74663 -36.32431 90.0821
27.69675 -36.25342 90.0821
28.64659 -36.17844 90.0821
29.59642 -36.10346 90.0821
30.54532 -36.02068 90.0821
31.48559 -35.86673 90.0821
32.42586 -35.71276 90.0821
33.36243 -35.53817 90.0821
34.29652 -35.35058 90.0821
35.19357 -35.04744 90.0821
35.8913 -34.40889 90.0821
36.35033 -33.57469 90.0821
36.72753 -32.70029 90.0821
37.06207 -31.80875 90.0821
37.36821 -30.90648 90.0821
37.63374 -29.99153 90.0821
37.89411 -29.07506 90.0821
38.08884 -28.14238 90.0821
38.18743 -27.19638 90.0821
38.25359 -26.24588 90.0821
38.31974 -25.29539 90.0821
38.38588 -24.34489 90.0821
38.38588 -23.3921 90.0821
38.35405 -22.43993 90.0821
38.3166 -21.48787 90.08211
38.19749 -20.54453 90.08211
38.03313 -19.60602 90.08211
37.86877 -18.66752 90.08211
37.74031 -17.72384 90.08211
37.59254 -16.78273 90.08211
Stroke End
