9
earth
135
-39.87339 3.51169 90.08212
-39.63661 3.492997 90.08212
-39.39984 3.474304 90.08212
-39.16306 3.455611 90.08212
-38.92628 3.436919 90.08212
-38.68946 3.421882 90.08212
-38.45233 3.435324 90.08212
-38.2152 3.448765 90.08212
-37.97807 3.462206 90.08212
-37.74093 3.475648 90.08212
-37.5038 3.489089 90.08212
-37.26666 3.502531 90.08212
-37.02953 3.515972 90.08212
-36.7924 3.529413 90.08212
-36.55526 3.542855 90.08212
-36.31813 3.556296 90.08212
-36.081 3.569737 90.08212
-35.84386 3.583179 90.08212
-35.60673 3.59662 90.08212
-35.37115 3.623843 90.08212
-35.137 3.663656 90.08212
-34.90285 3.70347 90.08212
-34.66869 3.743283 90.08212
-34.43454 3.783096 90.08212
-34.20039 3.822909 90.08212
-33.96624 3.862723 90.08212
-33.73208 3.902536 90.08212
-33.49793 3.942349 90.08212
-33.26377 3.982162 90.08212
-33.02962 4.021976 90.08212
-32.79547 4.061789 90.08212
-32.56132 4.101602 90.08212
-32.32716 4.141416 90.08212
-32.09803 4.202688 90.08212
-31.87049 4.270796 90.08212
-31.64295 4.338905 90.08212
-31.41541 4.407014 90.08212
-31.18787 4.475122 90.08212
-30.96033 4.543231 90.08212
-30.73279 4.61134 90.08212
-30.50525 4.679449 90.08212
-30.27771 4.747557 90.08212
-30.05017 4.815666 90.08212
-29.82263 4.883774 90.08212
-29.59509 4.951883 90.08212
-29.36756 5.019992 90.08212
-29.14002 5.088101 90.08212
-28.91248 5.156209 90.08212
-28.68494 5.224318 90.08212
-28.4574 5.292427 90.08212
-28.23378 5.370874 90.08212
-28.01829 5.470752 90.08212
-27.80279 5.570629 90.08212
-27.5873 5.670507 90.08212
-27.37181 5.770384 90.08212
-27.15631 5.870261 90.08212
-26.94082 5.970139 90.08212
-26.72533 6.070016 90.08212
-26.50983 6.169894 90.08212
-26.29434 6.269772 90.08212
-26.07885 6.369649 90.08212
-25.86335 6.469527 90.08212
-25.65334 6.579678 90.08212
-25.45038 6.70305 90.08212
-25.24742 6.82642 90.08212
-25.04446 6.949791 90.08212
-24.84151 7.073163 90.08212
-24.63855 7.196534 90.08212
-24.43559 7.319906 90.08212
-24.23263 7.443277 90.08212
-24.02822 7.564152 90.08212
-23.82034 7.679031 90.08212
-23.61245 7.79391 90.08212
-23.40457 7.908787 90.08212
-23.19668 8.023665 90.08212
-22.9888 8.138544 90.08212
-22.78092 8.253422 90.08212
-22.56174 8.344676 90.08212
-22.34176 8.434246 90.08212
-22.12179 8.523817 90.08212
-21.90181 8.613387 90.08212
-21.68183 8.702957 90.08212
-21.46185 8.792527 90.08212
-21.24188 8.882097 90.08212
-21.02158 8.970876 90.08212
-20.8012 9.059451 90.08212
-20.58082 9.148026 90.08212
-20.36044 9.2366 90.08212
-20.14445 9.335115 90.08212
-19.93062 9.438507 90.08212
-19.71679 9.541898 90.08212
-19.50297 9.645288 90.08212
-19.28913 9.74868 90.08212
-19.07531 9.852071 90.08212
-18.87547 9.977592 90.08212
-18.69034 10.12639 90.08212
-18.50522 10.2752 90.08212
-18.32009 10.424 90.08212
-18.13497 10.5728 90.08212
-18.02642 10.76941 90.08212
Stroke End
-28.55183 31.45988 90.08213
-28.4491 30.91489 90.08213
-28.34637 30.36991 90.08213
-28.24364 29.82492 90.08213
-28.14091 29.27993 90.08213
-28.05777 28.73162 90.08213
-27.97507 28.18324 90.08213
-27.89237 27.63485 90.08213
-27.80968 27.08647 90.08213
-27.72698 26.53808 90.08212
-27.64428 25.9897 90.08212
-27.56159 25.44131 90.08212
-27.47889 24.89293 90.08212
-27.43652 24.33999 90.08212
-27.39482 23.78698 90.08212
-27.35312 23.23396 90.08212
-27.31142 22.68095 90.08212
-27.26973 22.12793 90.08212
-27.22803 21.57492 90.08212
-27.18633 21.0219 90.08212
-27.14463 20.46889 90.08212
-27.10294 19.91587 90.08212
-27.06326 19.36275 90.08212
-27.04893 18.80836 90.08212
-27.0346 18.25395 90.08212
-27.02027 17.69956 90.08212
-27.00594 17.14516 90.08212
-26.9916 16.59076 90.08212
-26.97727 16.03636 90.08212
-26.96294 15.48196 90.08212
-26.9486 14.92756 90.08212
-26.93427 14.37316 90.08212
-26.91994 13.81876 90.08212
-26.90561 13.26436 90.08212
-26.89479 12.70989 90.08212
-26.88695 12.15536 90.08212
-26.87911 11.60083 90.08212
-26.87127 11.0463 90.08212
-26.86344 10.49177 90.08212
-26.85559 9.937243 90.08212
-26.84776 9.382713 90.08212
-26.83992 8.828185 90.08212
-26.83208 8.273654 90.08212
-26.82424 7.719125 90.08212
-26.8164 7.164596 90.08212
-26.8164 6.610011 90.08212
-26.8164 6.055427 90.08212
-26.8164 5.500842 90.08212
-26.8164 4.946255 90.08212
-26.8164 4.391671 90.08212
-26.8164 3.837086 90.08212
-26.8164 3.282501 90.08212
-26.8164 2.727917 90.08212
-26.8164 2.173332 90.08212
-26.8164 1.618747 90.08212
-26.81846 1.06419 90.08212
-26.83414 0.5098271 90.08212
-26.84981 -0.04453586 90.08212
-26.86548 -0.5989007 90.08212
-26.88116 -1.153264 90.08212
-26.89683 -1.707627 90.08212
-26.91251 -2.26199 90.08212
-26.92818 -2.816353 90.08212
-26.94386 -3.370716 90.08212
-26.95953 -3.925079 90.08212
-26.97521 -4.479442 90.08212
-26.99717 -5.033566 90.08212
-27.02355 -5.587523 90.08212
-27.04992 -6.141479 90.08212
-27.07631 -6.695436 90.08212
-27.10269 -7.249393 90.08212
-27.12907 -7.803353 90.08212
-27.15545 -8.35731 90.08212
-27.18183 -8.911266 90.08212
-27.20821 -9.465223 90.08212
-27.23517 -10.01915 90.08212
-27.26465 -10.57295 90.08212
-27.29412 -11.12675 90.08212
-27.3236 -11.68055 90.08212
-27.35307 -12.23435 90.08212
-27.38255 -12.78815 90.08212
-27.41202 -13.34195 90.08212
-27.4415 -13.89575 90.08212
-27.47098 -14.44956 90.08212
-27.52373 -15.00149 90.08212
-27.58313 -15.55288 90.08212
-27.64252 -16.10428 90.08212
-27.70191 -16.65567 90.08211
-27.7613 -17.20707 90.08211
-27.8207 -17.75846 90.08211
-27.88009 -18.30986 90.08211
-27.94526 -18.86059 90.08211
-28.01168 -19.41118 90.08211
-28.07811 -19.96178 90.08211
-28.14453 -20.51237 90.08211
-28.21095 -21.06296 90.08211
-28.29514 -21.61107 90.08211
-28.38258 -22.15872 90.08211
-28.47036 -22.7063 90.08211
-28.59271 -23.24722 90.08211
Stroke End
-40.9477 -26.81115 90.08211
-40.71666 -26.59836 90.08211
-40.48563 -26.38558 90.08211
-40.25459 -26.1728 90.08211
-40.02356 -25.96001 90.08211
-39.79252 -25.74723 90.08211
-39.56149 -25.53445 90.08211
-39.30437 -25.3585 90.08211
-39.02691 -25.2113 90.08211
-38.74944 -25.0641 90.08211
-38.47198 -24.9169 90.08211
-38.19451 -24.76971 90.08211
-37.91705 -24.62251 90.08211
-37.63958 -24.47531 90.08211
-37.36211 -24.32812 90.08211
-37.08465 -24.18092 90.08211
-36.80718 -24.03372 90.08211
-36.52971 -23.88652 90.08211
-36.25225 -23.73933 90.08211
-35.97478 -23.59213 90.08211
-35.69732 -23.44493 90.08211
-35.41985 -23.29774 90.08211
-35.14223 -23.15082 90.08211
-34.86455 -23.00404 90.08211
-34.58686 -22.85726 90.08211
-34.30917 -22.71048 90.08211
-34.03149 -22.5637 90.08211
-33.7538 -22.41692 90.08211
-33.47612 -22.27014 90.08211
-33.19843 -22.12336 90.08211
-32.92074 -21.97658 90.08211
-32.64305 -21.8298 90.08211
-32.36537 -21.68302 90.08211
-32.08768 -21.53624 90.08211
-31.80999 -21.38946 90.08211
-31.53231 -21.24268 90.08211
-31.25304 -21.09892 90.08211
-30.97375 -20.95523 90.08211
-30.69445 -20.81153 90.08211
-30.41516 -20.66784 90.08211
-30.13586 -20.52414 90.08211
-29.85657 -20.38044 90.08211
-29.57727 -20.23675 90.08211
-29.29797 -20.09305 90.08211
-29.01868 -19.94936 90.08211
-28.73938 -19.80566 90.08211
-28.46009 -19.66196 90.08211
-28.18079 -19.51827 90.08211
-27.9015 -19.37457 90.08211
-27.6222 -19.23088 90.08211
-27.34291 -19.08718 90.08211
-27.06361 -18.94349 90.08211
-26.78432 -18.79979 90.08211
-26.50554 -18.65508 90.08211
-26.22689 -18.51015 90.08211
-25.94823 -18.36523 90.08211
-25.66957 -18.2203 90.08211
-25.39091 -18.07537 90.08211
-25.11226 -17.93044 90.08211
-24.8336 -17.78551 90.08211
-24.55494 -17.64058 90.08211
-24.27629 -17.49565 90.08211
-23.99763 -17.35072 90.08211
-23.71897 -17.20579 90.08211
-23.44031 -17.06086 90.08211
-23.16166 -16.91593 90.08211
-22.883 -16.771 90.08211
-22.60434 -16.62607 90.08211
-22.32521 -16.48207 90.08211
-22.04586 -16.33846 90.08211
-21.76652 -16.19487 90.08211
-21.48717 -16.05127 90.08211
-21.20783 -15.90767 90.08211
-20.92848 -15.76407 90.08211
-20.64914 -15.62047 90.08212
-20.36979 -15.47687 90.08212
-20.09045 -15.33327 90.08212
-19.81111 -15.18967 90.08212
-19.53176 -15.04607 90.08212
-19.25241 -14.90247 90.08212
-18.97307 -14.75887 90.08212
-18.70291 -14.59869 90.08212
-18.43299 -14.43807 90.08212
-18.16308 -14.27744 90.08212
-17.89317 -14.11681 90.08212
-17.62498 -13.95331 90.08212
-17.35682 -13.78979 90.08212
-17.08865 -13.62626 90.08212
-16.82048 -13.46274 90.08212
-16.55231 -13.29922 90.08212
-16.28414 -13.13569 90.08212
-16.01597 -12.97217 90.08212
-15.7478 -12.80865 90.08212
-15.47978 -12.64489 90.08212
-15.21422 -12.47717 90.08212
-14.94865 -12.30945 90.08212
-14.70804 -12.10815 90.08212
-14.47089 -11.90221 90.08212
-14.23373 -11.69627 90.08212
-13.99658 -11.49033 90.08212
Stroke End
-14.42054 10.63574 90.08212
-13.96794 10.56429 90.08212
-13.51156 10.53137 90.08212
-13.05372 10.5133 90.08212
-12.59587 10.49522 90.08212
-12.13803 10.47715 90.08212
-11.68019 10.45907 90.08212
-11.22228 10.46332 90.08212
-10.76434 10.47866 90.08212
-10.30639 10.49399 90.08212
-9.848452 10.50933 90.08212
-9.390509 10.52467 90.08212
-8.932566 10.54001 90.08212
-8.475385 10.56924 90.08212
-8.018511 10.60406 90.08212
-7.561636 10.63889 90.08212
-7.104762 10.67371 90.08212
-6.647888 10.70854 90.08212
-6.191014 10.74336 90.08212
-5.73414 10.77819 90.08212
-5.277266 10.81301 90.08212
-4.820391 10.84784 90.08212
-4.363517 10.88266 90.08212
-3.907223 10.92306 90.08212
-3.452961 10.983 90.08212
-2.9987 11.04295 90.08212
-2.544439 11.1029 90.08212
-2.090178 11.16284 90.08212
-1.635916 11.22279 90.08212
-1.181655 11.28274 90.08212
-0.7273939 11.34268 90.08212
-0.2731326 11.40263 90.08212
0.1811284 11.46258 90.08212
0.6353897 11.52252 90.08212
1.089651 11.58247 90.08212
1.543785 11.64322 90.08212
1.994209 11.72726 90.08212
2.444635 11.81131 90.08212
2.89506 11.89536 90.08212
3.345486 11.9794 90.08212
3.79591 12.06345 90.08212
4.246336 12.1475 90.08212
4.696761 12.23154 90.08212
5.147187 12.31559 90.08212
5.597611 12.39964 90.08212
6.048038 12.48368 90.08212
6.498462 12.56773 90.08212
6.948888 12.65178 90.08212
7.399313 12.73582 90.08212
7.849739 12.81987 90.08212
8.296333 12.92216 90.08212
8.742532 13.02635 90.08212
9.188728 13.13053 90.08212
9.634927 13.23472 90.08212
10.08112 13.3389 90.08212
10.52732 13.44309 90.08212
10.97352 13.54727 90.08212
11.41972 13.65145 90.08212
11.86591 13.75564 90.08212
12.31211 13.85982 90.08212
12.75831 13.96401 90.08212
13.20451 14.06819 90.08212
13.65071 14.17238 90.08212
14.09204 14.29507 90.08212
14.53181 14.42373 90.08212
14.97157 14.55238 90.08212
15.41134 14.68104 90.08212
15.8511 14.80969 90.08212
16.29087 14.93835 90.08212
16.73063 15.06701 90.08212
17.1704 15.19566 90.08212
17.61017 15.32432 90.08212
18.04993 15.45297 90.08212
18.4897 15.58163 90.08212
18.92947 15.71029 90.08212
19.36923 15.83894 90.08212
19.81343 15.9513 90.08212
20.25774 16.0633 90.08212
20.70204 16.17529 90.08212
21.14634 16.28729 90.08212
21.59064 16.39928 90.08212
22.03494 16.51128 90.08212
22.47925 16.62327 90.08212
22.92355 16.73527 90.08212
23.36785 16.84726 90.08212
23.81215 16.95926 90.08212
24.25423 17.07924 90.08212
24.69263 17.21249 90.08212
25.13103 17.34574 90.08212
25.56943 17.47898 90.08212
26.00782 17.61223 90.08212
26.44622 17.74547 90.08212
26.88461 17.87872 90.08212
27.32302 18.01197 90.08212
27.76643 18.12714 90.08212
28.21082 18.23876 90.08212
28.65521 18.35039 90.08212
29.09961 18.46201 90.08212
29.5476 18.55772 90.08212
29.99682 18.64797 90.08212
Stroke End
-8.387878 10.08774 90.08212
-8.36114 9.555822 90.08212
-8.334402 9.023901 90.08212
-8.307664 8.491979 90.08212
-8.305238 7.959446 90.08212
-8.305237 7.426852 90.08212
-8.311857 6.89434 90.08212
-8.324878 6.361905 90.08212
-8.337898 5.829471 90.08212
-8.350919 5.297036 90.08212
-8.363939 4.764602 90.08212
-8.37696 4.232167 90.08212
-8.390988 3.699764 90.08212
-8.410251 3.167518 90.08212
-8.429514 2.635273 90.08212
-8.448776 2.103028 90.08212
-8.46804 1.570782 90.08212
-8.487302 1.038537 90.08212
-8.506565 0.5062917 90.08212
-8.525827 -0.02595344 90.08212
-8.545091 -0.5581989 90.08212
-8.573125 -1.090002 90.08212
-8.607473 -1.621487 90.08212
-8.641823 -2.152972 90.08212
-8.676172 -2.684456 90.08212
-8.710522 -3.215941 90.08212
-8.744871 -3.747426 90.08212
-8.779221 -4.278911 90.08212
-8.81357 -4.810396 90.08212
-8.847919 -5.341881 90.08212
-8.882269 -5.873366 90.08212
-8.960758 -6.400064 90.08212
-9.041183 -6.926549 90.08212
-9.121609 -7.453034 90.08212
-9.202034 -7.979522 90.08212
-9.282459 -8.506007 90.08212
-9.362885 -9.032495 90.08212
-9.443311 -9.55898 90.08212
-9.523736 -10.08547 90.08212
-9.604161 -10.61195 90.08212
-9.684587 -11.13844 90.08212
-9.765013 -11.66493 90.08212
-9.845438 -12.19141 90.08212
-9.925863 -12.7179 90.08212
-10.03958 -13.23747 90.08212
-10.17548 -13.75243 90.08212
-10.31138 -14.2674 90.08211
-10.44728 -14.78236 90.08211
-10.59777 -15.29281 90.08211
-10.77615 -15.79465 90.08211
-10.95453 -16.29648 90.08211
-11.13291 -16.79831 90.08211
-11.31129 -17.30014 90.08211
-11.48967 -17.80198 90.08211
-11.66805 -18.30381 90.08211
-11.84644 -18.80564 90.08211
-12.02481 -19.30748 90.08211
-12.2032 -19.80931 90.08211
-12.38032 -20.31158 90.08211
-12.55045 -20.81627 90.08211
-12.72057 -21.32096 90.08211
-12.89069 -21.82565 90.08211
-13.06082 -22.33035 90.08211
-13.23094 -22.83504 90.08211
-13.40106 -23.33973 90.08211
-13.57119 -23.84442 90.08211
-13.74131 -24.34911 90.08211
-13.91144 -24.85381 90.08211
-14.10341 -25.35055 90.08211
-14.29723 -25.84663 90.08211
-14.49105 -26.3427 90.08211
-14.68488 -26.83878 90.08211
-14.8787 -27.33485 90.08211
-15.07252 -27.83092 90.08211
-15.26634 -28.327 90.08211
-15.46016 -28.82307 90.08211
-15.73306 -29.27855 90.08211
-16.02319 -29.72518 90.08211
-16.31332 -30.17181 90.08211
-16.60346 -30.61844 90.08211
-16.89359 -31.06507 90.08211
-17.18372 -31.51171 90.08211
-17.47385 -31.95834 90.08211
-17.76398 -32.40497 90.08211
-18.05514 -32.85093 90.08211
-18.34649 -33.29677 90.08211
-18.63783 -33.74261 90.08211
-18.92917 -34.18845 90.08211
-19.22052 -34.6343 90.08211
-19.51187 -35.08014 90.08211
-19.80321 -35.52598 90.08211
-20.08346 -35.97866 90.08211
-20.35124 -36.43905 90.08211
-20.61902 -36.89943 90.08211
-20.88681 -37.3598 90.0821
-21.15459 -37.82018 90.0821
-21.42237 -38.28056 90.0821
-21.71549 -38.72515 90.0821
-22.01093 -39.16829 90.0821
-22.30636 -39.61142 90.0821
Stroke End
-10.20594 -10.09704 90.08212
-9.664792 -10.09022 90.08212
-9.129186 -10.0095 90.08212
-8.593579 -9.928776 90.08212
-8.057973 -9.848055 90.08212
-7.525105 -9.751481 90.08212
-6.993468 -9.647792 90.08212
-6.46183 -9.544102 90.08212
-5.930192 -9.440413 90.08212
-5.398554 -9.336722 90.08212
-4.870784 -9.216598 90.08212
-4.348691 -9.072343 90.08212
-3.826599 -8.928087 90.08212
-3.304507 -8.783832 90.08212
-2.782414 -8.639577 90.08212
-2.261675 -8.490508 90.08212
-1.740975 -8.341308 90.08212
-1.220275 -8.192107 90.08212
-0.6995736 -8.042906 90.08212
-0.1744857 -7.910478 90.08212
0.3525897 -7.785653 90.08212
0.879665 -7.660828 90.08212
1.406741 -7.536003 90.08212
1.933696 -7.410666 90.08212
2.460361 -7.284123 90.08212
2.987027 -7.157579 90.08212
3.513693 -7.031036 90.08212
4.043374 -6.918163 90.08212
4.574415 -6.811458 90.08212
5.115829 -6.809038 90.08212
5.631378 -6.867873 90.08212
5.897851 -7.333053 90.08212
6.051267 -7.848788 90.08212
6.154364 -8.38054 90.08212
6.243578 -8.913943 90.08212
6.268057 -9.455046 90.08212
6.292536 -9.996147 90.08211
6.317015 -10.53725 90.08211
6.292887 -11.07782 90.08211
6.256666 -11.61827 90.08211
6.220445 -12.15871 90.08211
6.184223 -12.69915 90.08211
6.142139 -13.23906 90.08211
6.081266 -13.77729 90.08211
6.020393 -14.31551 90.08211
5.95952 -14.85374 90.08211
5.898646 -15.39196 90.08211
5.837773 -15.93018 90.08211
5.723462 -16.45898 90.08211
5.596417 -16.98552 90.08211
5.469372 -17.51207 90.08211
5.342327 -18.03861 90.08211
5.215282 -18.56516 90.08211
5.08309 -19.09041 90.08211
4.947521 -19.61483 90.08211
4.811951 -20.13925 90.08211
4.676382 -20.66366 90.08211
4.540813 -21.18807 90.08211
4.364877 -21.6997 90.08211
4.173799 -22.20654 90.08211
3.982721 -22.71337 90.08211
3.791645 -23.2202 90.08211
3.591595 -23.72342 90.08211
3.37822 -24.22128 90.08211
3.164842 -24.71914 90.08211
2.951465 -25.21699 90.08211
2.708475 -25.70098 90.08211
2.462792 -26.18372 90.08211
2.21711 -26.66645 90.08211
1.991366 -27.15876 90.08211
1.768101 -27.65226 90.08211
1.507065 -28.12591 90.08211
1.227289 -28.58972 90.08211
0.834401 -28.91184 90.08211
0.3610005 -28.68542 90.08211
-0.06148915 -28.34711 90.08211
-0.4785106 -28.00145 90.08211
-0.8813462 -27.64007 90.08211
-1.267736 -27.26048 90.08211
-1.654124 -26.88088 90.08211
-2.040514 -26.50128 90.08211
-2.424275 -26.11904 90.08211
-2.806376 -25.73513 90.08211
-3.188479 -25.35122 90.08211
-3.57058 -24.96731 90.08211
-3.952683 -24.58339 90.08211
-4.334786 -24.19948 90.08211
-4.716887 -23.81557 90.08211
-5.101032 -23.43371 90.08211
-5.487422 -23.05412 90.08211
-5.86919 -22.66992 90.08211
-6.2472 -22.28198 90.08211
-6.625211 -21.89404 90.08211
-7.02023 -21.5243 90.08211
-7.432907 -21.17346 90.08211
-7.845581 -20.82262 90.08211
-8.298451 -20.52645 90.08211
-8.734079 -20.20593 90.08211
-9.156257 -19.86659 90.08211
-9.564795 -19.51162 90.08211
Stroke End
8.305232 46.98664 90.08213
8.199379 45.868 90.08213
8.100168 44.749 90.08213
8.025026 43.62784 90.08213
7.950765 42.50662 90.08213
7.878293 41.38528 90.08213
7.805822 40.26394 90.08213
7.73335 39.14259 90.08213
7.70527 38.01936 90.08213
7.681632 36.89592 90.08213
7.657992 35.77249 90.08213
7.652692 34.64904 90.08213
7.673437 33.52555 90.08213
7.694182 32.40206 90.08212
7.714927 31.27857 90.08212
7.751455 30.15563 90.08212
7.80893 29.03342 90.08212
7.866405 27.91121 90.08212
7.923881 26.789 90.08212
7.983408 25.66691 90.08212
8.058552 24.54575 90.08212
8.133695 23.42459 90.08212
8.208838 22.30342 90.08212
8.28398 21.18225 90.08212
8.392714 20.06405 90.08212
8.514694 18.94701 90.08212
8.636676 17.82997 90.08212
8.758657 16.71293 90.08212
8.880637 15.59589 90.08212
9.105088 14.49498 90.08212
9.332183 13.39449 90.08212
9.559278 12.29399 90.08212
9.786373 11.1935 90.08212
10.03725 10.09903 90.08212
10.36171 9.023218 90.08212
10.68618 7.947404 90.08212
11.01065 6.871589 90.08212
11.33512 5.795774 90.08212
11.69446 4.731161 90.08212
12.05707 3.667596 90.08212
12.41968 2.604031 90.08212
12.7823 1.540466 90.08212
13.14491 0.4769007 90.08212
13.50752 -0.5866643 90.08212
13.89728 -1.640578 90.08212
14.28414 -2.695502 90.08212
14.63533 -3.762892 90.08212
15.01067 -4.820758 90.08212
15.48273 -5.840479 90.08212
15.95478 -6.860198 90.08211
16.42683 -7.879916 90.08211
16.94389 -8.875099 90.08211
17.54514 -9.824393 90.08211
18.14639 -10.77369 90.08211
18.74764 -11.72298 90.08211
19.32788 -12.68494 90.08211
19.8871 -13.65958 90.08211
20.44633 -14.63422 90.08211
21.00555 -15.60886 90.08211
21.58279 -16.57283 90.08211
22.16941 -17.53123 90.08211
22.75602 -18.48964 90.08211
23.36466 -19.43369 90.08211
24.00402 -20.35775 90.08211
24.64338 -21.2818 90.08211
25.28506 -22.20417 90.08211
25.965 -23.09879 90.08211
26.64494 -23.99341 90.08211
27.35015 -24.86766 90.08211
28.08014 -25.72192 90.0821
28.78889 -26.59358 90.0821
29.48414 -27.47624 90.0821
30.23806 -28.30947 90.0821
31.00219 -29.13315 90.0821
31.78252 -29.94169 90.0821
32.63791 -30.6665 90.0821
33.52667 -31.35408 90.0821
34.39574 -32.06624 90.0821
35.25194 -32.7939 90.0821
36.16004 -33.45208 90.0821
37.01621 -33.35585 90.0821
37.17854 -32.24442 90.0821
37.29094 -31.12638 90.0821
37.39627 -30.0079 90.0821
37.42168 -28.88451 90.0821
37.44709 -27.76111 90.0821
37.4725 -26.63772 90.0821
37.47684 -25.51409 90.0821
37.47685 -24.39041 90.08211
37.47685 -23.26673 90.08211
37.45098 -22.14365 90.08211
37.3989 -21.02118 90.08211
37.34682 -19.8987 90.08211
37.30131 -18.77598 90.08211
37.26955 -17.65275 90.08211
37.23779 -16.52952 90.08211
37.17266 -15.40791 90.08211
37.09464 -14.28695 90.08211
37.02964 -13.1652 90.08211
36.981 -12.04274 90.08211
Stroke End
23.09764 34.38256 90.08212
23.16106 34.27743 90.08212
23.22447 34.1723 90.08212
23.28788 34.06717 90.08212
23.3513 33.96204 90.08212
23.41471 33.85691 90.08212
23.47925 33.75247 90.08212
23.54411 33.64822 90.08212
23.60896 33.54397 90.08212
23.67381 33.43972 90.08212
23.73866 33.33546 90.08212
23.80351 33.23122 90.08212
23.86836 33.12696 90.08212
23.93321 33.02271 90.08212
23.99806 32.91846 90.08212
24.06291 32.81421 90.08212
24.12776 32.70996 90.08212
24.19261 32.60571 90.08212
24.25746 32.50146 90.08212
24.32231 32.39721 90.08212
24.38781 32.29337 90.08212
24.4535 32.18964 90.08212
24.5192 32.08592 90.08212
24.58489 31.9822 90.08212
24.65058 31.87848 90.08212
24.71627 31.77476 90.08212
24.78197 31.67103 90.08212
24.84766 31.56731 90.08212
24.91335 31.46359 90.08212
24.97904 31.35987 90.08212
25.04473 31.25615 90.08212
25.11043 31.15242 90.08212
25.17612 31.0487 90.08212
25.24181 30.94498 90.08212
25.3075 30.84126 90.08212
25.3732 30.73753 90.08212
25.43889 30.63381 90.08212
25.50524 30.53053 90.08212
25.5751 30.42956 90.08212
25.64496 30.3286 90.08212
25.71482 30.22764 90.08212
25.78468 30.12667 90.08212
25.85453 30.02571 90.08212
25.92439 29.92475 90.08212
25.99425 29.82378 90.08212
26.06411 29.72282 90.08212
26.13397 29.62186 90.08212
26.20383 29.5209 90.08212
26.27369 29.41993 90.08212
26.34354 29.31897 90.08212
26.4134 29.218 90.08212
26.48326 29.11704 90.08212
26.55312 29.01608 90.08212
26.62464 28.91629 90.08212
26.69663 28.81684 90.08212
26.76862 28.71738 90.08212
26.84061 28.61793 90.08212
26.9126 28.51847 90.08212
26.98459 28.41902 90.08212
27.05658 28.31956 90.08212
27.12857 28.22011 90.08212
27.20056 28.12066 90.08212
27.27255 28.0212 90.08212
27.34454 27.92175 90.08212
27.41653 27.82229 90.08212
27.48852 27.72284 90.08212
27.56047 27.62335 90.08212
27.62388 27.51822 90.08212
27.6873 27.41309 90.08212
27.75071 27.30796 90.08212
27.81413 27.20283 90.08212
27.87754 27.0977 90.08212
27.94096 26.99257 90.08212
28.00437 26.88744 90.08212
28.06779 26.78231 90.08212
28.1312 26.67718 90.08212
28.19462 26.57205 90.08212
28.25803 26.46692 90.08212
28.32145 26.36179 90.08212
28.38486 26.25666 90.08212
28.44828 26.15153 90.08212
28.51169 26.0464 90.08212
28.57825 25.94336 90.08212
28.65024 25.8439 90.08212
28.72223 25.74444 90.08212
28.79422 25.64499 90.08212
28.86621 25.54553 90.08212
28.9382 25.44608 90.08212
29.01019 25.34662 90.08212
29.08217 25.24717 90.08212
29.15416 25.14771 90.08212
29.22615 25.04825 90.08212
29.29814 24.9488 90.08212
29.37013 24.84934 90.08212
29.44212 24.74989 90.08212
29.51411 24.65043 90.08212
29.5861 24.55098 90.08212
29.65808 24.45152 90.08212
29.73007 24.35207 90.08212
29.80206 24.25261 90.08212
Stroke End
29.62614 6.799711 90.08212
29.62614 6.338686 90.08212
29.62613 5.877661 90.08212
29.58933 5.419005 90.08212
29.53023 4.961784 90.08212
29.47113 4.504562 90.08212
29.41203 4.047341 90.08212
29.32885 3.59477 90.08212
29.21346 3.148419 90.08212
29.09807 2.702068 90.08212
28.96279 2.26172 90.08212
28.81206 1.82603 90.08212
28.66133 1.390341 90.08212
28.51061 0.9546509 90.08212
28.35988 0.5189616 90.08212
28.20915 0.08327163 90.08212
28.05843 -0.3524176 90.08212
27.8854 -0.7788575 90.08212
27.68348 -1.193311 90.08212
27.48156 -1.607764 90.08212
27.27963 -2.022216 90.08212
27.07771 -2.43667 90.08212
26.87579 -2.851123 90.08212
26.67386 -3.265576 90.08211
26.47194 -3.680028 90.08211
26.27002 -4.094481 90.08211
26.0681 -4.508935 90.08211
25.86617 -4.923387 90.08211
25.66425 -5.337841 90.08211
25.47394 -5.757748 90.08211
25.28392 -6.177789 90.08211
25.09389 -6.597829 90.08211
24.90386 -7.017869 90.08211
24.7081 -7.43524 90.08211
24.50894 -7.851024 90.08211
24.30977 -8.266809 90.08211
24.1106 -8.682594 90.08211
23.91144 -9.098379 90.08211
23.71227 -9.514165 90.08211
23.51311 -9.92995 90.08211
23.31088 -10.34418 90.08211
23.09246 -10.75018 90.08211
22.87403 -11.15618 90.08211
22.65561 -11.56218 90.08211
22.43719 -11.96817 90.08211
22.21876 -12.37417 90.08211
22.00034 -12.78017 90.08211
21.78191 -13.18617 90.08211
21.56349 -13.59217 90.08211
21.31686 -13.98141 90.08211
21.06467 -14.36734 90.08211
20.81247 -14.75327 90.08211
20.56028 -15.1392 90.08211
20.30808 -15.52513 90.08211
20.05589 -15.91106 90.08211
19.8037 -16.29699 90.08211
19.55151 -16.68292 90.08211
19.29474 -17.06574 90.08211
19.02805 -17.4418 90.08211
18.76136 -17.81786 90.08211
18.49467 -18.19391 90.08211
18.22798 -18.56997 90.08211
17.96129 -18.94603 90.08211
17.6946 -19.32209 90.08211
17.42791 -19.69815 90.08211
17.16121 -20.07421 90.08211
16.89518 -20.45073 90.08211
16.6305 -20.8282 90.08211
16.36581 -21.20567 90.08211
16.10112 -21.58314 90.08211
15.83643 -21.96061 90.08211
15.57174 -22.33808 90.08211
15.30705 -22.71555 90.08211
15.04236 -23.09302 90.08211
14.77768 -23.4705 90.08211
14.51299 -23.84797 90.08211
14.21624 -24.1995 90.08211
13.90229 -24.5371 90.08211
13.58834 -24.87471 90.08211
13.27439 -25.21231 90.08211
12.96043 -25.54992 90.08211
12.64648 -25.88752 90.08211
12.33253 -26.22513 90.08211
12.01857 -26.56273 90.08211
11.70462 -26.90034 90.08211
11.39067 -27.23794 90.08211
11.07513 -27.57407 90.08211
10.75944 -27.91005 90.08211
10.44375 -28.24603 90.08211
10.12806 -28.58202 90.08211
9.812373 -28.918 90.08211
9.496684 -29.25398 90.08211
9.180995 -29.58997 90.08211
8.838317 -29.89791 90.08211
8.490633 -30.20067 90.08211
8.142949 -30.50342 90.08211
7.795266 -30.80618 90.08211
7.447582 -31.10893 90.0821
7.099898 -31.41168 90.0821
6.752214 -31.71444 90.0821
Stroke End
