8
earth
120
-39.79076 12.37109 90.08212
-39.51899 12.37109 90.08212
-39.24722 12.37109 90.08212
-38.97545 12.3711 90.08212
-38.70369 12.3711 90.08212
-38.43192 12.3711 90.08212
-38.16015 12.3711 90.08212
-37.88839 12.3711 90.08212
-37.61662 12.3711 90.08212
-37.34485 12.3711 90.08212
-37.07318 12.37803 90.08212
-36.80153 12.38593 90.08212
-36.52988 12.39383 90.08212
-36.25822 12.40173 90.08212
-35.98657 12.40963 90.08212
-35.71492 12.41753 90.08212
-35.44327 12.42543 90.08212
-35.17162 12.43333 90.08212
-34.89996 12.44123 90.08212
-34.62831 12.44913 90.08212
-34.35666 12.45703 90.08212
-34.08546 12.47168 90.08212
-33.81526 12.50081 90.08212
-33.54506 12.52995 90.08212
-33.27486 12.55908 90.08212
-33.00466 12.58822 90.08212
-32.73446 12.61735 90.08212
-32.46426 12.64649 90.08212
-32.19406 12.67562 90.08212
-31.92385 12.70476 90.08212
-31.65365 12.73389 90.08212
-31.38345 12.76303 90.08212
-31.11325 12.79216 90.08212
-30.84305 12.8213 90.08212
-30.57379 12.85794 90.08212
-30.30481 12.89671 90.08212
-30.03582 12.93549 90.08212
-29.76683 12.97427 90.08212
-29.49785 13.01305 90.08212
-29.22886 13.05182 90.08212
-28.95988 13.0906 90.08212
-28.69089 13.12938 90.08212
-28.4219 13.16816 90.08212
-28.15291 13.20693 90.08212
-27.88393 13.24571 90.08212
-27.61494 13.28449 90.08212
-27.34595 13.32327 90.08212
-27.07697 13.36204 90.08212
-26.80995 13.41193 90.08212
-26.54401 13.46791 90.08212
-26.27807 13.5239 90.08212
-26.01213 13.57988 90.08212
-25.74619 13.63586 90.08212
-25.48026 13.69185 90.08212
-25.21432 13.74783 90.08212
-24.94838 13.80381 90.08212
-24.68244 13.8598 90.08212
-24.4165 13.91578 90.08212
-24.15056 13.97176 90.08212
-23.88462 14.02775 90.08212
-23.61868 14.08373 90.08212
-23.35482 14.14837 90.08212
-23.09237 14.21893 90.08212
-22.82992 14.28948 90.08212
-22.56747 14.36004 90.08212
-22.30502 14.43059 90.08212
-22.04257 14.50115 90.08212
-21.78012 14.5717 90.08212
-21.51768 14.64226 90.08212
-21.25523 14.71281 90.08212
-20.99278 14.78337 90.08212
-20.73033 14.85392 90.08212
-20.46788 14.92448 90.08212
-20.2071 15.00096 90.08212
-19.94642 15.07779 90.08212
-19.68574 15.15463 90.08212
-19.42506 15.23146 90.08212
-19.16496 15.31015 90.08212
-18.90738 15.39679 90.08212
-18.64979 15.48343 90.08212
-18.3922 15.57007 90.08212
-18.13462 15.65671 90.08212
-17.87703 15.74335 90.08212
-17.61944 15.83 90.08212
-17.36186 15.91664 90.08212
-17.10538 16.0065 90.08212
-16.84916 16.09711 90.08212
-16.59295 16.18773 90.08212
-16.33673 16.27834 90.08212
-16.08052 16.36895 90.08212
-15.8243 16.45956 90.08212
-15.56808 16.55018 90.08212
-15.31187 16.64079 90.08212
-15.05346 16.72486 90.08212
-14.79431 16.8067 90.08212
-14.53196 16.87662 90.08212
-14.2666 16.93528 90.08212
-14.00124 16.99393 90.08212
-13.7426 17.07309 90.08212
-13.49404 17.18296 90.08212
Stroke End
-22.93237 36.48324 90.08213
-22.93237 36.03172 90.08213
-22.93237 35.5802 90.08213
-22.93237 35.12868 90.08213
-22.93237 34.67717 90.08213
-22.9169 34.22613 90.08213
-22.88879 33.77548 90.08213
-22.86067 33.32484 90.08213
-22.83255 32.8742 90.08213
-22.80443 32.42355 90.08213
-22.77631 31.97291 90.08213
-22.76709 31.52168 90.08213
-22.76709 31.07016 90.08213
-22.76709 30.61864 90.08213
-22.76709 30.16712 90.08213
-22.76709 29.7156 90.08213
-22.76709 29.26408 90.08213
-22.76709 28.81256 90.08213
-22.76709 28.36104 90.08213
-22.76709 27.90952 90.08213
-22.76709 27.45801 90.08213
-22.76709 27.00648 90.08212
-22.76709 26.55497 90.08212
-22.76709 26.10345 90.08212
-22.76709 25.65193 90.08212
-22.76941 25.20046 90.08212
-22.79089 24.74945 90.08212
-22.81237 24.29845 90.08212
-22.83385 23.84744 90.08212
-22.85532 23.39643 90.08212
-22.8768 22.94542 90.08212
-22.89828 22.49441 90.08212
-22.91975 22.04341 90.08212
-22.94311 21.5925 90.08212
-22.96914 21.14173 90.08212
-22.99517 20.69096 90.08212
-23.02121 20.24019 90.08212
-23.04724 19.78942 90.08212
-23.07327 19.33865 90.08212
-23.0993 18.88789 90.08212
-23.12534 18.43712 90.08212
-23.15137 17.98635 90.08212
-23.1774 17.53558 90.08212
-23.20501 17.08491 90.08212
-23.23281 16.63424 90.08212
-23.26061 16.18358 90.08212
-23.28842 15.73292 90.08212
-23.31622 15.28226 90.08212
-23.34402 14.83159 90.08212
-23.37182 14.38093 90.08212
-23.39963 13.93027 90.08212
-23.42743 13.47961 90.08212
-23.45248 13.02878 90.08212
-23.47746 12.57795 90.08212
-23.50243 12.12713 90.08212
-23.5274 11.6763 90.08212
-23.55238 11.22547 90.08212
-23.57735 10.77464 90.08212
-23.60232 10.32381 90.08212
-23.6273 9.872986 90.08212
-23.65227 9.422158 90.08212
-23.67783 8.971372 90.08212
-23.7157 8.521441 90.08212
-23.75357 8.071513 90.08212
-23.79144 7.621585 90.08212
-23.82931 7.171657 90.08212
-23.86718 6.721729 90.08212
-23.90505 6.271799 90.08212
-23.94291 5.821871 90.08212
-23.98079 5.371943 90.08212
-24.01634 4.921839 90.08212
-24.04692 4.471356 90.08212
-24.07749 4.020873 90.08212
-24.10806 3.57039 90.08212
-24.13863 3.119903 90.08212
-24.1692 2.66942 90.08212
-24.19977 2.218937 90.08212
-24.23034 1.768454 90.08212
-24.25986 1.317906 90.08212
-24.28535 0.8671066 90.08212
-24.31084 0.4163076 90.08212
-24.33634 -0.03449132 90.08212
-24.36183 -0.4852903 90.08212
-24.38732 -0.9360893 90.08212
-24.41281 -1.386892 90.08212
-24.45138 -1.836688 90.08212
-24.49494 -2.2861 90.08212
-24.53851 -2.735512 90.08212
-24.58208 -3.184925 90.08212
-24.62564 -3.634337 90.08212
-24.669 -4.083768 90.08212
-24.70601 -4.533766 90.08212
-24.74303 -4.983765 90.08212
-24.78657 -5.433167 90.08212
-24.83173 -5.882426 90.08212
-24.8769 -6.33168 90.08212
-24.92518 -6.780542 90.08212
-24.99251 -7.227013 90.08212
-25.05984 -7.673483 90.08212
-25.24909 -8.073821 90.08212
Stroke End
-40.61714 -14.84642 90.08212
-40.3543 -14.70117 90.08212
-40.09146 -14.55592 90.08212
-39.82863 -14.41067 90.08212
-39.56351 -14.26963 90.08212
-39.29802 -14.1293 90.08212
-39.03253 -13.98897 90.08212
-38.76703 -13.84863 90.08212
-38.50154 -13.7083 90.08212
-38.23605 -13.56797 90.08212
-37.97055 -13.42763 90.08212
-37.69905 -13.29964 90.08212
-37.42493 -13.17701 90.08212
-37.1508 -13.05438 90.08212
-36.87668 -12.93175 90.08212
-36.60256 -12.80912 90.08212
-36.32844 -12.68649 90.08212
-36.05432 -12.56386 90.08212
-35.7802 -12.44123 90.08212
-35.50608 -12.3186 90.08212
-35.23196 -12.19597 90.08212
-34.95783 -12.07334 90.08212
-34.68371 -11.95071 90.08212
-34.40977 -11.82769 90.08212
-34.14089 -11.69397 90.08212
-33.87201 -11.56024 90.08212
-33.60313 -11.42651 90.08212
-33.33425 -11.29279 90.08212
-33.06536 -11.15906 90.08212
-32.79648 -11.02533 90.08212
-32.5276 -10.89161 90.08212
-32.25872 -10.75788 90.08212
-31.98984 -10.62415 90.08212
-31.72095 -10.49042 90.08212
-31.45207 -10.3567 90.08212
-31.18319 -10.22297 90.08212
-30.90846 -10.10199 90.08212
-30.63169 -9.985464 90.08212
-30.35492 -9.868936 90.08212
-30.07815 -9.752407 90.08212
-29.80138 -9.635879 90.08212
-29.52461 -9.51935 90.08212
-29.24784 -9.402822 90.08212
-28.97107 -9.286292 90.08212
-28.6943 -9.169764 90.08212
-28.41753 -9.053235 90.08212
-28.14076 -8.936707 90.08212
-27.86399 -8.820178 90.08212
-27.5882 -8.701449 90.08212
-27.31631 -8.573964 90.08212
-27.04441 -8.446478 90.08212
-26.77251 -8.318993 90.08212
-26.50062 -8.191506 90.08212
-26.22872 -8.064021 90.08212
-25.95682 -7.936535 90.08212
-25.68493 -7.809049 90.08212
-25.41303 -7.681563 90.08212
-25.14113 -7.554077 90.08212
-24.86715 -7.431767 90.08212
-24.58301 -7.334567 90.08212
-24.29888 -7.237366 90.08212
-24.01474 -7.140165 90.08212
-23.73061 -7.042964 90.08212
-23.44647 -6.945763 90.08212
-23.16234 -6.848562 90.08212
-22.8782 -6.751361 90.08212
-22.59407 -6.65416 90.08212
-22.30993 -6.556959 90.08212
-22.0258 -6.459758 90.08212
-21.74166 -6.362557 90.08212
-21.45753 -6.265357 90.08212
-21.17564 -6.16184 90.08212
-20.89385 -6.058029 90.08212
-20.61206 -5.954218 90.08212
-20.33028 -5.850408 90.08212
-20.04849 -5.746597 90.08212
-19.7667 -5.642786 90.08212
-19.48492 -5.538975 90.08212
-19.20313 -5.435164 90.08212
-18.92134 -5.331354 90.08212
-18.64043 -5.225274 90.08212
-18.36179 -5.113289 90.08212
-18.08315 -5.001305 90.08212
-17.80451 -4.889319 90.08212
-17.52587 -4.777335 90.08212
-17.24723 -4.66535 90.08212
-16.96859 -4.553365 90.08212
-16.68995 -4.441383 90.08212
-16.41131 -4.329401 90.08212
-16.13267 -4.217419 90.08212
-15.85348 -4.106834 90.08212
-15.57371 -3.997701 90.08212
-15.29394 -3.888568 90.08212
-15.01417 -3.779436 90.08212
-14.7344 -3.670303 90.08212
-14.46257 -3.544237 90.08212
-14.19974 -3.398991 90.08212
-13.9369 -3.253744 90.08212
-13.67022 -3.116238 90.08212
-13.39556 -2.994823 90.08212
Stroke End
25.16362 41.04993 90.08213
24.9925 40.81354 90.08213
24.82085 40.57753 90.08213
24.64201 40.34693 90.08213
24.46316 40.11632 90.08213
24.28525 39.885 90.08213
24.10955 39.65198 90.08213
23.93386 39.41896 90.08213
23.75816 39.18595 90.08213
23.58247 38.95293 90.08213
23.40677 38.71991 90.08213
23.23108 38.48689 90.08213
23.04505 38.26343 90.08213
22.82643 38.07012 90.08213
22.6078 37.87682 90.08213
22.38917 37.68351 90.08213
22.17054 37.4902 90.08213
21.95191 37.2969 90.08213
21.73328 37.10359 90.08213
21.51465 36.91029 90.08212
21.29602 36.71698 90.08212
21.0774 36.52367 90.08212
20.85877 36.33037 90.08212
20.64014 36.13706 90.08212
20.42151 35.94375 90.08212
20.20289 35.75043 90.08212
19.98518 35.5561 90.08212
19.76747 35.36175 90.08212
19.54976 35.16741 90.08212
19.33206 34.97307 90.08212
19.11435 34.77872 90.08212
18.89664 34.58438 90.08212
18.67893 34.39004 90.08212
18.46122 34.1957 90.08212
18.24351 34.00136 90.08212
18.0258 33.80702 90.08212
17.80809 33.61267 90.08212
17.59039 33.41833 90.08212
17.37268 33.22399 90.08212
17.15497 33.02965 90.08212
16.93726 32.83531 90.08212
16.71955 32.64096 90.08212
16.50184 32.44662 90.08212
16.28413 32.25228 90.08212
16.06643 32.05794 90.08212
15.845 31.86808 90.08212
15.61364 31.69021 90.08212
15.38229 31.51233 90.08212
15.15093 31.33445 90.08212
14.91958 31.15657 90.08212
14.68822 30.97869 90.08212
14.45687 30.80082 90.08212
14.22551 30.62294 90.08212
13.99375 30.44561 90.08212
13.75536 30.27728 90.08212
13.51697 30.10895 90.08212
13.27858 29.94062 90.08212
13.04018 29.77229 90.08212
12.80179 29.60396 90.08212
12.5634 29.43563 90.08212
12.32501 29.2673 90.08212
12.08662 29.09897 90.08212
11.84822 28.93064 90.08212
11.60983 28.76231 90.08212
11.37144 28.59398 90.08212
11.13305 28.42565 90.08212
10.89741 28.25352 90.08212
10.6638 28.07862 90.08212
10.43019 27.90371 90.08212
10.19658 27.72881 90.08212
9.962967 27.5539 90.08212
9.729356 27.379 90.08212
9.495744 27.20409 90.08212
9.262134 27.02919 90.08212
9.028522 26.85429 90.08212
8.79491 26.67938 90.08212
8.561299 26.50448 90.08212
8.321343 26.33862 90.08212
8.077354 26.17851 90.08212
7.833365 26.0184 90.08212
7.589375 25.85829 90.08212
7.345387 25.69818 90.08212
7.101397 25.53807 90.08212
6.857408 25.37796 90.08212
6.613419 25.21785 90.08212
6.36943 25.05774 90.08212
6.12544 24.89763 90.08212
5.881451 24.73752 90.08212
5.619745 24.60996 90.08212
5.352832 24.49196 90.08212
5.08592 24.37396 90.08212
4.819007 24.25597 90.08212
4.552094 24.13797 90.08212
4.285182 24.01997 90.08212
4.01827 23.90197 90.08212
3.751494 23.78368 90.08212
3.488765 23.65664 90.08212
3.226036 23.52959 90.08212
2.963307 23.40255 90.08212
2.700578 23.27551 90.08212
Stroke End
1.198266 24.2445 90.08212
1.198266 23.70456 90.08212
1.198266 23.16462 90.08212
1.179005 22.62522 90.08212
1.14852 22.08615 90.08212
1.118036 21.54707 90.08212
1.070815 21.00922 90.08212
1.022159 20.47148 90.08212
0.9735031 19.93373 90.08212
0.9299173 19.39558 90.08212
0.8909364 18.85705 90.08212
0.8519555 18.31852 90.08212
0.8129745 17.77999 90.08212
0.7639185 17.24252 90.08212
0.6894771 16.70774 90.08212
0.6133366 16.17323 90.08212
0.5123034 15.64283 90.08212
0.4112701 15.11243 90.08212
0.3102371 14.58202 90.08212
0.2092038 14.05162 90.08212
0.1081707 13.52122 90.08212
0.007137451 12.99082 90.08212
-0.07733852 12.45777 90.08212
-0.1465535 11.92229 90.08212
-0.217878 11.3871 90.08212
-0.3030129 10.85392 90.08212
-0.3881476 10.32073 90.08212
-0.4732824 9.787548 90.08212
-0.5584173 9.254362 90.08212
-0.6435519 8.721177 90.08212
-0.7302825 8.188254 90.08212
-0.8205923 7.655921 90.08212
-0.9109021 7.123587 90.08212
-1.001212 6.591253 90.08212
-1.091522 6.058919 90.08212
-1.181831 5.526587 90.08212
-1.285331 4.996698 90.08212
-1.391764 4.467352 90.08212
-1.498198 3.938006 90.08212
-1.604632 3.40866 90.08212
-1.711066 2.879317 90.08212
-1.8175 2.349971 90.08212
-1.961089 1.830394 90.08212
-2.128783 1.317156 90.08212
-2.296476 0.8039172 90.08212
-2.46417 0.2906787 90.08212
-2.631863 -0.222558 90.08212
-2.799557 -0.7357966 90.08212
-2.974791 -1.246257 90.08212
-3.180163 -1.745614 90.08212
-3.385535 -2.244971 90.08212
-3.590907 -2.744326 90.08212
-3.796279 -3.243683 90.08212
-4.001652 -3.743039 90.08212
-4.207024 -4.242396 90.08212
-4.412396 -4.741753 90.08212
-4.617641 -5.241162 90.08212
-4.822175 -5.740861 90.08212
-5.02671 -6.240561 90.08212
-5.231244 -6.740261 90.08212
-5.435778 -7.23996 90.08212
-5.640313 -7.73966 90.08212
-5.844847 -8.239361 90.08212
-6.049382 -8.73906 90.08212
-6.264431 -9.234181 90.08212
-6.491067 -9.724254 90.08212
-6.717704 -10.21433 90.08212
-6.944341 -10.7044 90.08212
-7.170978 -11.19447 90.08211
-7.397615 -11.68454 90.08211
-7.62425 -12.17461 90.08211
-7.850887 -12.66468 90.08211
-8.08335 -13.15156 90.08211
-8.375335 -13.60574 90.08211
-8.66732 -14.05992 90.08211
-8.959305 -14.5141 90.08211
-9.25129 -14.96828 90.08211
-9.543275 -15.42246 90.08211
-9.83526 -15.87664 90.08211
-10.12724 -16.33082 90.08211
-10.42424 -16.78168 90.08211
-10.72743 -17.22847 90.08211
-11.03061 -17.67525 90.08211
-11.3338 -18.12203 90.08211
-11.63699 -18.56881 90.08211
-11.94018 -19.01559 90.08211
-12.24336 -19.46237 90.08211
-12.54635 -19.90928 90.08211
-12.84729 -20.35758 90.08211
-13.14824 -20.80587 90.08211
-13.44918 -21.25417 90.08211
-13.75012 -21.70246 90.08211
-14.05106 -22.15076 90.08211
-14.352 -22.59905 90.08211
-14.68542 -23.02318 90.08211
-15.02842 -23.44018 90.08211
-15.37142 -23.85717 90.08211
-15.71442 -24.27417 90.08211
-16.05742 -24.69117 90.08211
-16.39603 -25.11173 90.08211
Stroke End
-1.28091 13.10178 90.08212
-0.8782996 13.10178 90.08212
-0.4781744 13.14092 90.08212
-0.078798 13.19185 90.08212
0.3205784 13.24278 90.08212
0.7199548 13.29371 90.08212
1.119331 13.34464 90.08212
1.519017 13.39296 90.08212
1.919192 13.43719 90.08212
2.319366 13.48141 90.08212
2.71954 13.52564 90.08212
3.119714 13.56987 90.08212
3.519888 13.61409 90.08212
3.920062 13.65832 90.08212
4.320237 13.70255 90.08212
4.719731 13.75117 90.08212
5.114604 13.82973 90.08212
5.509477 13.90828 90.08212
5.904349 13.98684 90.08212
6.299222 14.06539 90.08212
6.694095 14.14395 90.08212
7.088968 14.2225 90.08212
7.483841 14.30106 90.08212
7.878713 14.37961 90.08212
8.273586 14.45817 90.08212
8.668459 14.53672 90.08212
9.05995 14.63006 90.08212
9.449732 14.73089 90.08212
9.839514 14.83172 90.08212
10.22929 14.93254 90.08212
10.61908 15.03337 90.08212
11.00886 15.13419 90.08212
11.39864 15.23501 90.08212
11.78842 15.33584 90.08212
12.1782 15.43666 90.08212
12.56798 15.53749 90.08212
12.96275 15.615 90.08212
13.35967 15.68248 90.08212
13.75658 15.74997 90.08212
14.1535 15.81746 90.08212
14.55041 15.88495 90.08212
14.94732 15.95244 90.08212
15.34424 16.01992 90.08212
15.74115 16.08741 90.08212
16.13807 16.1549 90.08212
16.53498 16.22239 90.08212
16.93189 16.28988 90.08212
17.32772 16.36343 90.08212
17.72339 16.43786 90.08212
18.11906 16.51229 90.08212
18.51473 16.58673 90.08212
18.9104 16.66116 90.08212
19.30607 16.73559 90.08212
19.70174 16.81003 90.08212
20.09741 16.88446 90.08212
20.49308 16.95889 90.08212
20.88902 17.03153 90.08212
21.28938 17.07407 90.08212
21.68973 17.11662 90.08212
22.09009 17.15916 90.08212
22.49044 17.20171 90.08212
22.8908 17.24426 90.08212
23.29116 17.2868 90.08212
23.69151 17.32935 90.08212
24.09187 17.3719 90.08212
24.49223 17.41444 90.08212
24.89258 17.45699 90.08212
25.29224 17.505 90.08212
25.69043 17.56447 90.08212
26.08863 17.62395 90.08212
26.48682 17.68342 90.08212
26.88502 17.74289 90.08212
27.28321 17.80236 90.08212
27.6814 17.86183 90.08212
28.0796 17.92131 90.08212
28.47746 17.98292 90.08212
28.87515 18.0457 90.08212
29.27283 18.10849 90.08212
29.67052 18.17128 90.08212
30.0682 18.23407 90.08212
30.46589 18.29686 90.08212
30.86357 18.35965 90.08212
31.26208 18.4164 90.08212
31.662 18.46292 90.08212
32.06191 18.50945 90.08212
32.46182 18.55597 90.08212
32.86125 18.60631 90.08212
33.26007 18.66141 90.08212
33.6589 18.71651 90.08212
34.05772 18.77161 90.08212
34.45654 18.82672 90.08212
34.85536 18.88182 90.08212
35.25418 18.93692 90.08212
35.65145 19.0021 90.08212
36.04837 19.06957 90.08212
36.44464 19.14013 90.08212
36.83563 19.23616 90.08212
37.22602 19.33451 90.08212
37.60707 19.46139 90.08212
37.98327 19.58647 90.08212
Stroke End
17.47818 15.75046 90.08212
17.52566 15.17321 90.08212
17.56797 14.59564 90.08212
17.59552 14.0171 90.08212
17.62307 13.43856 90.08212
17.64345 12.85986 90.08212
17.64345 12.28066 90.08212
17.64345 11.70147 90.08212
17.64345 11.12228 90.08212
17.64338 10.54309 90.08212
17.61348 9.964671 90.08212
17.58357 9.386252 90.08212
17.55367 8.807833 90.08212
17.52376 8.229413 90.08212
17.49386 7.650995 90.08212
17.45746 7.072987 90.08212
17.41391 6.495435 90.08212
17.37037 5.917882 90.08212
17.32682 5.340329 90.08212
17.28327 4.762777 90.08212
17.23972 4.185225 90.08212
17.22072 3.606489 90.08212
17.20854 3.027426 90.08212
17.19635 2.448362 90.08212
17.18417 1.869298 90.08212
17.17198 1.290234 90.08212
17.1598 0.7111703 90.08212
17.14761 0.1321074 90.08212
17.12268 -0.4465471 90.08212
17.09775 -1.025203 90.08212
17.07281 -1.603858 90.08212
17.04902 -2.182562 90.08212
17.02575 -2.761285 90.08212
17.00247 -3.340008 90.08212
16.9792 -3.918734 90.08212
16.95593 -4.497458 90.08212
16.93266 -5.076183 90.08212
16.90938 -5.654906 90.08212
16.87934 -6.233289 90.08212
16.84446 -6.811431 90.08212
16.80959 -7.389572 90.08212
16.77472 -7.967712 90.08211
16.73984 -8.545855 90.08211
16.70497 -9.123995 90.08211
16.6701 -9.702135 90.08211
16.64222 -10.28061 90.08211
16.62207 -10.85945 90.08211
16.60193 -11.43829 90.08211
16.58179 -12.01713 90.08211
16.56164 -12.59597 90.08211
16.5415 -13.17482 90.08211
16.52136 -13.75366 90.08211
16.50121 -14.3325 90.08211
16.47522 -14.91103 90.08211
16.4334 -15.48871 90.08211
16.39159 -16.06639 90.08211
16.34977 -16.64407 90.08211
16.30796 -17.22175 90.08211
16.26614 -17.79943 90.08211
16.22433 -18.37712 90.08211
16.18251 -18.95479 90.08211
16.1486 -19.5329 90.08211
16.12846 -20.11174 90.08211
16.10832 -20.69058 90.08211
16.08817 -21.26942 90.08211
16.06803 -21.84826 90.08211
16.04789 -22.4271 90.08211
16.02774 -23.00595 90.08211
16.0076 -23.58479 90.08211
15.98399 -24.16344 90.08211
15.94218 -24.74112 90.08211
15.90036 -25.31881 90.08211
15.85855 -25.89649 90.08211
15.81673 -26.47416 90.0821
15.77492 -27.05185 90.0821
15.7331 -27.62953 90.0821
15.69129 -28.20721 90.0821
15.64537 -28.78453 90.0821
15.58743 -29.36082 90.0821
15.5295 -29.93711 90.0821
15.47156 -30.51339 90.0821
15.41362 -31.08968 90.0821
15.35569 -31.66596 90.0821
15.29775 -32.24225 90.0821
15.24052 -32.81861 90.0821
15.18832 -33.39544 90.0821
15.13613 -33.97228 90.0821
15.08394 -34.54911 90.0821
15.03174 -35.12595 90.0821
14.97955 -35.70279 90.0821
14.92736 -36.27962 90.0821
14.88789 -36.85743 90.0821
14.85182 -37.4355 90.0821
14.81575 -38.01357 90.0821
14.77968 -38.59164 90.0821
14.74537 -39.1698 90.0821
14.71782 -39.74833 90.0821
14.69027 -40.32687 90.0821
14.66844 -40.90554 90.0821
14.66844 -41.48473 90.0821
Stroke End
19.87472 2.872369 90.08212
20.05597 2.655355 90.08212
20.23722 2.43834 90.08212
20.41847 2.221325 90.08212
20.59972 2.004311 90.08212
20.78097 1.787296 90.08212
20.96669 1.574168 90.08212
21.15639 1.364505 90.08212
21.3461 1.154842 90.08212
21.5358 0.9451795 90.08212
21.72551 0.7355165 90.08212
21.91521 0.5258535 90.08212
22.10492 0.3161907 90.08212
22.29696 0.1088476 90.08212
22.50559 -0.08198523 90.08212
22.71423 -0.2728181 90.08212
22.92287 -0.4636508 90.08212
23.1315 -0.6544835 90.08212
23.34014 -0.8453162 90.08212
23.54878 -1.036149 90.08212
23.75742 -1.226982 90.08212
23.96605 -1.417815 90.08212
24.17469 -1.608648 90.08212
24.38333 -1.79948 90.08212
24.59196 -1.990313 90.08212
24.79845 -2.183451 90.08212
25.00372 -2.377905 90.08212
25.20899 -2.57236 90.08212
25.41425 -2.766814 90.08212
25.61952 -2.961269 90.08212
25.82479 -3.155723 90.08211
26.03005 -3.350178 90.08211
26.23532 -3.544632 90.08211
26.44058 -3.739086 90.08211
26.64585 -3.933541 90.08211
26.85111 -4.127995 90.08211
27.05508 -4.323795 90.08211
27.25678 -4.521947 90.08211
27.45848 -4.720099 90.08211
27.66018 -4.918251 90.08211
27.86188 -5.116403 90.08211
28.06358 -5.314554 90.08211
28.26528 -5.512706 90.08211
28.46697 -5.710858 90.08211
28.66867 -5.90901 90.08211
28.87037 -6.107162 90.08211
29.07207 -6.305314 90.08211
29.27748 -6.499434 90.08211
29.4915 -6.68422 90.08211
29.70551 -6.869007 90.08211
29.91952 -7.053793 90.08211
30.13353 -7.23858 90.08211
30.34754 -7.423367 90.08211
30.56155 -7.608153 90.08211
30.77556 -7.79294 90.08211
30.98957 -7.977726 90.08211
31.20358 -8.162513 90.08211
31.41759 -8.3473 90.08211
31.6316 -8.532086 90.08211
31.84561 -8.716872 90.08211
32.06525 -8.894922 90.08211
32.28521 -9.072577 90.08211
32.50518 -9.250235 90.08211
32.72515 -9.42789 90.08211
32.94511 -9.605547 90.08211
33.16508 -9.783204 90.08211
33.38504 -9.960859 90.08211
33.60501 -10.13852 90.08211
33.82497 -10.31617 90.08211
34.04063 -10.49852 90.08211
34.23623 -10.70269 90.08211
34.43183 -10.90687 90.08211
34.62743 -11.11104 90.08211
34.82303 -11.31522 90.08211
35.01863 -11.51939 90.08211
35.21424 -11.72356 90.08211
35.40984 -11.92774 90.08211
35.59881 -12.13792 90.08211
35.78283 -12.35259 90.08211
35.96684 -12.56727 90.08211
36.15086 -12.78194 90.08211
36.33487 -12.99661 90.08211
36.51888 -13.21129 90.08211
36.7029 -13.42596 90.08211
36.88691 -13.64064 90.08211
37.05962 -13.86403 90.08211
37.2205 -14.09655 90.08211
37.38139 -14.32906 90.08211
37.54227 -14.56158 90.08211
37.70314 -14.7941 90.08211
37.86403 -15.02662 90.08211
38.02491 -15.25913 90.08211
38.18136 -15.49463 90.08211
38.33679 -15.73083 90.08211
38.49221 -15.96703 90.08211
38.64764 -16.20323 90.08211
38.82761 -16.41947 90.08211
39.02708 -16.61987 90.08211
39.22654 -16.82028 90.08211
39.426 -17.02068 90.08211
Stroke End
