3
earth
70
-25.82473 -0.780995 90.08212
-25.40451 -0.9358069 90.08212
-24.98429 -1.090619 90.08212
-24.56407 -1.245431 90.08212
-24.13277 -1.354825 90.08212
-23.68847 -1.410946 90.08212
-23.24417 -1.467066 90.08212
-22.79987 -1.523186 90.08212
-22.35557 -1.579307 90.08212
-21.91127 -1.635427 90.08212
-21.46697 -1.691547 90.08212
-21.01985 -1.715691 90.08212
-20.57258 -1.73816 90.08212
-20.12532 -1.760629 90.08212
-19.67805 -1.783099 90.08212
-19.23079 -1.805568 90.08212
-18.78352 -1.828037 90.08212
-18.33625 -1.850506 90.08212
-17.88899 -1.872975 90.08212
-17.44304 -1.840919 90.08212
-16.99737 -1.796939 90.08212
-16.5517 -1.75296 90.08212
-16.10604 -1.708981 90.08212
-15.66037 -1.665001 90.08212
-15.21471 -1.621022 90.08212
-14.76904 -1.577042 90.08212
-14.32338 -1.533062 90.08212
-13.87771 -1.489083 90.08212
-13.43204 -1.445104 90.08212
-12.988 -1.388733 90.08212
-12.54606 -1.316371 90.08212
-12.10411 -1.244009 90.08212
-11.66217 -1.171647 90.08212
-11.22022 -1.099285 90.08212
-10.77828 -1.026923 90.08212
-10.33633 -0.9545614 90.08212
-9.894384 -0.8821993 90.08212
-9.452439 -0.8098374 90.08212
-9.010494 -0.7374755 90.08212
-8.568089 -0.6681153 90.08212
-8.124784 -0.6046043 90.08212
-7.681481 -0.5410933 90.08212
-7.238177 -0.4775824 90.08212
-6.794873 -0.4140714 90.08212
-6.35157 -0.3505605 90.08212
-5.908264 -0.2870492 90.08212
-5.46496 -0.2235383 90.08212
-5.021657 -0.1600273 90.08212
-4.578352 -0.0965163 90.08212
-4.136208 -0.02626596 90.08212
-3.697155 0.06196231 90.08212
-3.258102 0.1501906 90.08212
-2.819049 0.2384189 90.08212
-2.380067 0.3269955 90.08212
-1.941553 0.4178666 90.08212
-1.503039 0.5087377 90.08212
-1.064525 0.5996088 90.08212
-0.6260118 0.6904799 90.08212
-0.1874961 0.7813514 90.08212
0.2510177 0.8722225 90.08212
0.6895315 0.9630936 90.08212
1.128045 1.053965 90.08212
1.566559 1.144836 90.08212
2.005073 1.235707 90.08212
2.443587 1.326578 90.08212
2.882101 1.417449 90.08212
3.320614 1.50832 90.08212
3.759128 1.599191 90.08212
4.197595 1.690284 90.08212
4.635266 1.785131 90.08212
5.072937 1.879978 90.08212
5.510609 1.974825 90.08212
5.94828 2.069672 90.08212
6.385951 2.16452 90.08212
6.823622 2.259367 90.08212
7.261292 2.354214 90.08212
7.698963 2.449061 90.08212
8.136634 2.543908 90.08212
8.576404 2.627429 90.08212
9.019001 2.695686 90.08212
9.461599 2.763943 90.08212
9.904197 2.8322 90.08212
10.3468 2.900457 90.08212
10.78939 2.968714 90.08212
11.23199 3.036971 90.08212
11.67459 3.105227 90.08212
12.11723 3.173179 90.08212
12.55995 3.240666 90.08212
13.00267 3.308153 90.08212
13.44538 3.37564 90.08212
13.8881 3.443128 90.08212
14.33082 3.510615 90.08212
14.77233 3.585565 90.08212
15.21383 3.660635 90.08212
15.65549 3.734698 90.08212
16.09729 3.80794 90.08212
16.53909 3.881181 90.08212
16.98089 3.954423 90.08212
17.42416 4.01799 90.08212
17.86396 4.097797 90.08212
Stroke End
-1.363543 33.46923 90.08213
-1.297099 32.80829 90.08213
-1.230654 32.14736 90.08213
-1.182879 31.48507 90.08213
-1.152858 30.82148 90.08212
-1.122836 30.15789 90.08212
-1.115628 29.49379 90.08212
-1.115628 28.82953 90.08212
-1.115629 28.16526 90.08212
-1.118898 27.50104 90.08212
-1.136569 26.83701 90.08212
-1.154241 26.17298 90.08212
-1.171912 25.50895 90.08212
-1.189583 24.84492 90.08212
-1.217338 24.18131 90.08212
-1.254841 23.5181 90.08212
-1.292344 22.8549 90.08212
-1.329848 22.19169 90.08212
-1.365286 21.5284 90.08212
-1.382453 20.86436 90.08212
-1.39962 20.20031 90.08212
-1.416788 19.53627 90.08212
-1.433955 18.87223 90.08212
-1.441755 18.20817 90.08212
-1.426348 17.54408 90.08212
-1.410941 16.88 90.08212
-1.395535 16.21591 90.08212
-1.380128 15.55182 90.08212
-1.364721 14.88774 90.08212
-1.363546 14.22349 90.08212
-1.363546 13.55922 90.08212
-1.363546 12.89496 90.08212
-1.363546 12.23069 90.08212
-1.363546 11.56643 90.08212
-1.365336 10.90218 90.08212
-1.377354 10.23802 90.08212
-1.389373 9.573864 90.08212
-1.401391 8.909708 90.08212
-1.41341 8.24555 90.08212
-1.425428 7.581394 90.08212
-1.437447 6.917238 90.08212
-1.456014 6.253319 90.08212
-1.492023 5.590032 90.08212
-1.528033 4.926742 90.08212
-1.564042 4.263454 90.08212
-1.600051 3.600166 90.08212
-1.63606 2.936876 90.08212
-1.672069 2.273588 90.08212
-1.703427 1.61009 90.08212
-1.727452 0.9462599 90.08212
-1.751477 0.2824296 90.08212
-1.775502 -0.3814006 90.08212
-1.799527 -1.045231 90.08212
-1.823552 -1.709065 90.08212
-1.847577 -2.372895 90.08212
-1.85938 -3.036946 90.08212
-1.859379 -3.70121 90.08212
-1.859379 -4.365475 90.08212
-1.859379 -5.029739 90.08212
-1.871849 -5.693879 90.08212
-1.885203 -6.358014 90.08212
-1.898558 -7.022144 90.08212
-1.911912 -7.686275 90.08212
-1.925266 -8.350406 90.08212
-1.93862 -9.014537 90.08212
-1.931843 -9.678662 90.08212
-1.918185 -10.34279 90.08212
-1.904528 -11.00691 90.08212
-1.890871 -11.67104 90.08211
-1.877213 -12.33516 90.08211
-1.863556 -12.99929 90.08211
-1.870355 -13.66338 90.08211
-1.886168 -14.32745 90.08211
-1.90198 -14.99153 90.08211
-1.917792 -15.65561 90.08211
-1.933605 -16.31968 90.08211
-1.956424 -16.98352 90.08211
-1.987213 -17.64707 90.08211
-2.018001 -18.31062 90.08211
-2.04879 -18.97417 90.08211
-2.079579 -19.63772 90.08211
-2.110448 -20.30127 90.08211
-2.142046 -20.96478 90.08211
-2.173643 -21.62829 90.08211
-2.205241 -22.29181 90.08211
-2.236838 -22.95532 90.08211
-2.268436 -23.61884 90.08211
-2.335502 -24.27956 90.08211
-2.407919 -24.93987 90.08211
-2.480335 -25.60017 90.08211
-2.552752 -26.26048 90.08211
-2.640328 -26.91854 90.08211
-2.762558 -27.57146 90.08211
-2.884788 -28.22439 90.08211
-3.007018 -28.87731 90.08211
-3.137083 -29.52857 90.08211
-3.290947 -30.17477 90.08211
-3.444812 -30.82097 90.08211
-3.620008 -31.46141 90.08211
-3.811814 -32.09739 90.08211
Stroke End
-38.05532 -32.47386 90.08211
-37.32256 -32.33888 90.08211
-36.58637 -32.22525 90.08211
-35.8483 -32.12329 90.08211
-35.11023 -32.02132 90.08211
-34.38105 -31.86857 90.08211
-33.65224 -31.71367 90.08211
-32.92338 -31.55909 90.08211
-32.18917 -31.43229 90.08211
-31.45495 -31.3055 90.08211
-30.72074 -31.17871 90.08211
-29.98564 -31.05733 90.08211
-29.24926 -30.94377 90.08211
-28.51288 -30.83021 90.08211
-27.7765 -30.71665 90.08211
-27.04013 -30.60309 90.08211
-26.30276 -30.4963 90.08211
-25.56469 -30.39433 90.08211
-24.82662 -30.29237 90.08211
-24.08854 -30.1904 90.08211
-23.35039 -30.08906 90.08211
-22.61153 -29.99299 90.08211
-21.87267 -29.89692 90.08211
-21.1338 -29.80085 90.08211
-20.39494 -29.70478 90.08211
-19.65607 -29.60872 90.08211
-18.91966 -29.49704 90.08211
-18.18691 -29.36206 90.08211
-17.45153 -29.24437 90.08211
-16.71172 -29.15597 90.08211
-15.97189 -29.06758 90.08211
-15.23208 -28.97918 90.08211
-14.49226 -28.89079 90.08211
-13.75243 -28.80239 90.08211
-13.01262 -28.714 90.08211
-12.27279 -28.6256 90.08211
-11.53285 -28.5383 90.08211
-10.79186 -28.4603 90.08211
-10.05087 -28.38231 90.08211
-9.312114 -28.28602 90.08211
-8.574041 -28.18405 90.08211
-7.835971 -28.08209 90.08211
-7.097898 -27.98012 90.08211
-6.359828 -27.87815 90.08211
-5.621287 -27.77973 90.08211
-4.882012 -27.68689 90.08211
-4.142736 -27.59404 90.08211
-3.403465 -27.5012 90.08211
-2.66419 -27.40835 90.08211
-1.924072 -27.32283 90.08211
-1.183007 -27.24556 90.08211
-0.4419414 -27.16829 90.08211
0.2991203 -27.09103 90.08211
1.040186 -27.01376 90.08211
1.781251 -26.93649 90.08211
2.521163 -26.84931 90.08211
3.260168 -26.75433 90.08211
3.99917 -26.65936 90.08211
4.738174 -26.56438 90.08211
5.47718 -26.46941 90.08211
6.215261 -26.36759 90.08211
6.953037 -26.26349 90.08211
7.69081 -26.1594 90.08211
8.428586 -26.05531 90.08211
9.166362 -25.95122 90.08211
9.905605 -25.85892 90.08211
10.64639 -25.77904 90.08211
11.38718 -25.69916 90.08211
12.12797 -25.61928 90.08211
12.86876 -25.5394 90.08211
13.60354 -25.41668 90.08211
14.33776 -25.28989 90.08211
15.07197 -25.1631 90.08211
15.80764 -25.04588 90.08211
16.5465 -24.94982 90.08211
17.28536 -24.85375 90.08211
18.02423 -24.75768 90.08211
18.76595 -24.69553 90.08211
19.51046 -24.66614 90.08211
20.25496 -24.63675 90.08211
20.9997 -24.61914 90.08211
21.74478 -24.61914 90.08211
22.48986 -24.61914 90.08211
23.23494 -24.61914 90.08211
23.98003 -24.61914 90.08211
24.72511 -24.61915 90.08211
25.46943 -24.58604 90.08211
26.21372 -24.55176 90.08211
26.95825 -24.52781 90.08211
27.70333 -24.52781 90.08211
28.44686 -24.55878 90.08211
29.18892 -24.61914 90.08211
29.934 -24.61914 90.0821
30.67908 -24.61914 90.0821
31.42416 -24.61915 90.0821
32.16924 -24.61915 90.0821
32.88556 -24.73065 90.0821
33.55159 -25.06063 90.0821
34.25074 -25.31819 90.0821
34.95424 -25.53247 90.0821
Stroke End
