4
-31.83819 14.24673 89.63547
-31.73131 14.09908 89.63547
-31.62443 13.95143 89.63547
-31.51755 13.80378 89.63547
-31.40314 13.66192 89.63547
-31.28804 13.52058 89.63547
-31.17295 13.37924 89.63547
-31.05785 13.2379 89.63547
-30.94276 13.09656 89.63547
-30.82766 12.95522 89.63547
-30.70681 12.81901 89.63547
-30.5796 12.68846 89.63547
-30.4524 12.55791 89.63547
-30.32519 12.42737 89.63547
-30.19799 12.29682 89.63547
-30.07078 12.16627 89.63547
-29.94357 12.03572 89.63547
-29.81637 11.90518 89.63547
-29.68917 11.77463 89.63547
-29.56232 11.64373 89.63547
-29.436 11.51233 89.63547
-29.30968 11.38093 89.63547
-29.18335 11.24952 89.63547
-29.05703 11.11812 89.63547
-28.93071 10.98672 89.63547
-28.80439 10.85532 89.63547
-28.67806 10.72392 89.63547
-28.55174 10.59251 89.63547
-28.42542 10.46111 89.63547
-28.2991 10.32971 89.63547
-28.17408 10.19709 89.63547
-28.05178 10.06193 89.63547
-27.92949 9.92677 89.63547
-27.8072 9.791611 89.63547
-27.6849 9.656451 89.63547
-27.56261 9.521292 89.63547
-27.44032 9.386132 89.63547
-27.31802 9.250973 89.63547
-27.19573 9.115812 89.63547
-27.07343 8.980653 89.63547
-26.95114 8.845493 89.63547
-26.82884 8.710334 89.63547
-26.71687 8.566601 89.63547
-26.6064 8.421617 89.63547
-26.49593 8.276631 89.63547
-26.38546 8.131648 89.63547
-26.27499 7.986664 89.63547
-26.16452 7.84168 89.63547
-26.05405 7.696696 89.63547
-25.94358 7.551711 89.63547
-25.83311 7.406727 89.63547
-25.72264 7.261743 89.63547
-25.61217 7.116759 89.63547
-25.50171 6.971775 89.63547
-25.39648 6.822949 89.63547
-25.29158 6.673886 89.63547
-25.18668 6.524822 89.63547
-25.08178 6.375759 89.63547
-24.97688 6.226696 89.63547
-24.87198 6.077632 89.63547
-24.76708 5.928569 89.63547
-24.66218 5.779505 89.63547
-24.55728 5.630442 89.63547
-24.45238 5.481378 89.63547
-24.34748 5.332315 89.63547
-24.25841 5.173347 89.63547
-24.17021 5.013833 89.63547
-24.08201 4.85432 89.63547
-23.99381 4.694806 89.63547
-23.90561 4.535293 89.63547
-23.81741 4.375779 89.63546
-23.72921 4.216266 89.63546
-23.64101 4.056753 89.63546
-23.5528 3.897239 89.63546
-23.46461 3.737726 89.63546
-23.37378 3.579705 89.63546
-23.28169 3.422407 89.63546
-23.18959 3.265109 89.63546
-23.0975 3.107809 89.63546
-23.00541 2.950511 89.63546
-22.91332 2.793212 89.63546
-22.82122 2.635913 89.63546
-22.72913 2.478614 89.63546
-22.63704 2.321316 89.63546
-22.54495 2.164018 89.63546
-22.46702 1.999395 89.63546
-22.39189 1.833325 89.63546
-22.31676 1.667254 89.63546
-22.24163 1.501183 89.63546
-22.16466 1.335971 89.63546
-22.08544 1.171812 89.63546
-22.00623 1.007652 89.63546
-21.92701 0.843493 89.63546
-21.84779 0.679332 89.63546
-21.76857 0.5151726 89.63546
-21.68935 0.3510132 89.63546
-21.61014 0.1868539 89.63546
-21.53438 0.02134657 89.63546
-21.48175 -0.153166 89.63546
-21.42912 -0.3276761 89.63546
Stroke End
20.79985 20.3466 89.63547
20.68697 20.0347 89.63547
20.57408 19.7228 89.63547
20.45646 19.41315 89.63547
20.28513 19.12912 89.63547
20.11051 18.84725 89.63547
19.91831 18.5769 89.63547
19.72612 18.30655 89.63547
19.53393 18.0362 89.63547
19.34174 17.76585 89.63547
19.143 17.50043 89.63547
18.93605 17.24121 89.63547
18.7291 16.98198 89.63547
18.52214 16.72276 89.63547
18.31519 16.46353 89.63547
18.10823 16.20431 89.63547
17.89391 15.95135 89.63547
17.67136 15.70538 89.63547
17.44881 15.45942 89.63547
17.22626 15.21345 89.63547
17.00371 14.96749 89.63546
16.78116 14.72152 89.63546
16.55861 14.47556 89.63546
16.33606 14.22959 89.63546
16.08927 14.00916 89.63546
15.83207 13.7997 89.63546
15.57486 13.59024 89.63546
15.31766 13.38079 89.63546
15.06045 13.17133 89.63546
14.80325 12.96187 89.63546
14.54604 12.75241 89.63546
14.28884 12.54295 89.63546
14.03163 12.3335 89.63546
13.77443 12.12404 89.63546
13.51722 11.91458 89.63546
13.26001 11.70512 89.63546
13.00742 11.49023 89.63546
12.75892 11.27052 89.63546
12.51042 11.0508 89.63546
12.26192 10.83108 89.63546
12.01342 10.61137 89.63546
11.76492 10.39165 89.63546
11.51642 10.17193 89.63546
11.26792 9.952216 89.63546
11.01943 9.7325 89.63546
10.77093 9.512782 89.63546
10.52859 9.286411 89.63546
10.29065 9.055306 89.63546
10.0527 8.824202 89.63546
9.814758 8.593098 89.63546
9.576814 8.361993 89.63546
9.338867 8.130888 89.63546
9.100923 7.899784 89.63546
8.862977 7.668679 89.63546
8.625031 7.437575 89.63546
8.387087 7.20647 89.63546
8.149141 6.975366 89.63546
7.904952 6.752034 89.63546
7.627966 6.569534 89.63546
7.350981 6.387035 89.63546
7.073995 6.204535 89.63546
6.79701 6.022036 89.63546
6.520023 5.839536 89.63546
6.243037 5.657036 89.63546
5.966052 5.474537 89.63546
5.689066 5.292037 89.63546
5.412081 5.109538 89.63546
5.135094 4.927038 89.63546
4.858108 4.744538 89.63546
4.581122 4.562039 89.63546
4.304137 4.379539 89.63546
4.027151 4.19704 89.63546
3.750164 4.01454 89.63546
3.479155 3.823404 89.63546
3.210768 3.628481 89.63546
2.94238 3.433557 89.63546
2.673993 3.238634 89.63546
2.405606 3.04371 89.63546
2.137217 2.848786 89.63546
1.868829 2.653862 89.63546
1.600442 2.458939 89.63546
1.332054 2.264015 89.63546
1.063667 2.069092 89.63546
0.7952778 1.874167 89.63546
0.5132834 1.699592 89.63546
0.2306125 1.526029 89.63546
-0.05205838 1.352466 89.63546
-0.3347293 1.178903 89.63546
-0.6174002 1.00534 89.63546
-0.9000728 0.8317761 89.63546
-1.182744 0.6582132 89.63546
-1.465414 0.4846502 89.63546
-1.748085 0.3110871 89.63546
-2.030756 0.1375241 89.63546
-2.316961 -0.02998042 89.63546
-2.607285 -0.1904152 89.63546
-2.897608 -0.35085 89.63546
-3.191151 -0.5052244 89.63546
-3.486632 -0.6559501 89.63546
-3.782113 -0.8066757 89.63546
Stroke End
-5.395606 35.27759 89.63548
-5.272479 34.46107 89.63548
-5.155492 33.64367 89.63548
-5.04336 32.82557 89.63548
-4.937509 32.00663 89.63548
-4.901353 31.18321 89.63548
-4.948575 30.35899 89.63547
-4.983732 29.53437 89.63547
-4.983732 28.70862 89.63547
-4.983732 27.88288 89.63547
-4.983731 27.05713 89.63547
-4.983731 26.23138 89.63547
-4.983731 25.40563 89.63547
-4.98373 24.57988 89.63547
-4.983729 23.75413 89.63547
-4.98373 22.92838 89.63547
-4.983731 22.10263 89.63547
-5.058723 21.28086 89.63547
-5.146128 20.45975 89.63547
-5.217464 19.63709 89.63547
-5.288356 18.81439 89.63547
-5.336303 17.99021 89.63547
-5.371848 17.16523 89.63547
-5.422997 16.34136 89.63547
-5.505597 15.51975 89.63547
-5.591636 14.69851 89.63547
-5.684437 13.878 89.63547
-5.821695 13.06471 89.63547
-5.993639 12.25706 89.63547
-6.100367 11.4397 89.63547
-6.171261 10.617 89.63547
-6.241126 9.794209 89.63547
-6.31321 8.971714 89.63546
-6.422916 8.153285 89.63546
-6.532624 7.334855 89.63546
-6.647128 6.517212 89.63546
-6.804303 5.706558 89.63546
-6.927438 4.890689 89.63546
-7.036592 4.072279 89.63546
-7.154902 3.255048 89.63546
-7.273211 2.437818 89.63546
-7.360952 1.616841 89.63546
-7.44355 0.7952296 89.63546
-7.526148 -0.02637752 89.63546
-7.622836 -0.846426 89.63546
-7.746044 -1.661409 89.63546
-7.967512 -2.456904 89.63546
-8.161067 -3.25944 89.63546
-8.343248 -4.064841 89.63546
-8.552644 -4.863544 89.63546
-8.765001 -5.66152 89.63546
-8.991312 -6.455646 89.63546
-9.21817 -7.249625 89.63546
-9.493165 -8.027782 89.63546
-9.781452 -8.801572 89.63546
-10.11053 -9.558558 89.63546
-10.46126 -10.30516 89.63546
-10.91781 -10.99323 89.63546
-11.3684 -11.6849 89.63546
-11.76797 -12.40754 89.63546
-12.16754 -13.13017 89.63546
-12.50496 -13.88322 89.63546
-12.83025 -14.6422 89.63545
-13.15454 -15.4016 89.63545
-13.47803 -16.16135 89.63545
-13.81994 -16.91274 89.63545
-14.17881 -17.65642 89.63545
-14.57025 -18.38307 89.63545
-14.99664 -19.09003 89.63545
-15.43279 -19.79119 89.63545
-15.9029 -20.46921 89.63545
-16.39629 -21.13135 89.63545
-16.90042 -21.78493 89.63545
-17.43579 -22.41361 89.63545
-17.97116 -23.04229 89.63545
-18.48842 -23.68585 89.63545
-19.00097 -24.33326 89.63545
-19.53609 -24.96158 89.63545
-20.09011 -25.57389 89.63545
-20.64414 -26.1862 89.63545
-21.19815 -26.79851 89.63545
-21.75912 -27.40434 89.63545
-22.3314 -27.99962 89.63545
-22.90368 -28.59491 89.63545
-23.52791 -29.13509 89.63545
-24.15582 -29.67135 89.63545
-24.78277 -30.20871 89.63545
-25.39016 -30.76812 89.63545
-25.99755 -31.32753 89.63545
-26.59657 -31.89581 89.63545
-27.19953 -32.45982 89.63545
-27.812 -33.01366 89.63545
-28.42447 -33.5675 89.63545
-29.04589 -34.11115 89.63545
-29.67501 -34.64601 89.63545
-30.3264 -35.15324 89.63545
-30.98403 -35.65261 89.63545
-31.69618 -36.05682 89.63545
-32.46427 -36.35999 89.63545
-33.2388 -36.64626 89.63545
Stroke End
-5.725111 -2.140963 89.63546
-5.353756 -2.60269 89.63546
-4.981771 -3.063906 89.63546
-4.60762 -3.52337 89.63546
-4.232918 -3.982383 89.63546
-3.856507 -4.439997 89.63546
-3.483134 -4.89983 89.63546
-3.161509 -5.397479 89.63546
-2.839885 -5.895127 89.63546
-2.525957 -6.397582 89.63546
-2.219907 -6.904957 89.63546
-1.913858 -7.412333 89.63546
-1.605978 -7.918586 89.63546
-1.293003 -8.421719 89.63546
-0.9800276 -8.924851 89.63546
-0.6558496 -9.420528 89.63546
-0.3125234 -9.90346 89.63546
0.03080292 -10.38639 89.63546
0.4049999 -10.8452 89.63546
0.7906242 -11.29508 89.63546
1.176249 -11.74495 89.63545
1.561874 -12.19483 89.63545
1.958047 -12.63542 89.63545
2.355593 -13.0748 89.63545
2.75314 -13.51417 89.63545
3.143715 -13.95926 89.63545
3.496267 -14.4355 89.63545
3.849438 -14.91127 89.63545
4.213866 -15.37848 89.63545
4.578294 -15.8457 89.63545
4.942723 -16.31291 89.63545
5.307151 -16.78012 89.63545
5.671578 -17.24734 89.63545
6.026615 -17.72151 89.63545
6.367627 -18.20608 89.63545
6.737568 -18.66835 89.63545
7.119319 -19.12152 89.63545
7.501071 -19.57469 89.63545
7.882823 -20.02785 89.63545
8.264576 -20.48102 89.63545
8.646327 -20.93419 89.63545
9.057268 -21.36083 89.63545
9.472041 -21.78398 89.63545
9.884803 -22.20908 89.63545
10.29292 -22.63866 89.63545
10.70103 -23.06824 89.63545
11.10914 -23.49782 89.63545
11.51742 -23.92724 89.63545
11.92807 -24.3544 89.63545
12.33872 -24.78155 89.63545
12.74938 -25.20871 89.63545
13.15147 -25.64384 89.63545
13.54902 -26.08322 89.63545
13.94657 -26.52259 89.63545
14.35782 -26.94882 89.63545
14.7805 -27.36407 89.63545
15.20318 -27.77933 89.63545
15.62693 -28.19341 89.63545
16.07837 -28.57721 89.63545
16.52981 -28.961 89.63545
16.98125 -29.3448 89.63544
17.43269 -29.7286 89.63544
17.87571 -30.1216 89.63544
18.2984 -30.53685 89.63544
18.72108 -30.9521 89.63544
19.14377 -31.36735 89.63544
19.56645 -31.7826 89.63544
19.99017 -32.19671 89.63544
20.44636 -32.57484 89.63544
20.8974 -32.95906 89.63544
21.34479 -33.34757 89.63544
21.7926 -33.73552 89.63544
22.28938 -34.05849 89.63544
22.78615 -34.38145 89.63544
23.28448 -34.70197 89.63544
23.78942 -35.01202 89.63544
24.30964 -35.29502 89.63544
24.83576 -35.56759 89.63544
25.36189 -35.84016 89.63544
25.88801 -36.11272 89.63544
26.41413 -36.38528 89.63544
26.94432 -36.6498 89.63544
27.47786 -36.90747 89.63544
28.01507 -37.15747 89.63544
28.55228 -37.40746 89.63544
29.10257 -37.62243 89.63544
29.67219 -37.78564 89.63544
30.2418 -37.94886 89.63544
30.81141 -38.11208 89.63544
31.37609 -38.29086 89.63544
31.93582 -38.48529 89.63544
32.49554 -38.67971 89.63544
33.05527 -38.87414 89.63544
33.615 -39.06856 89.63544
34.17758 -39.25413 89.63544
34.7455 -39.42312 89.63544
35.31343 -39.59211 89.63544
35.88136 -39.7611 89.63544
36.45361 -39.91413 89.63544
37.02904 -40.05546 89.63544
Stroke End
