8
fire
115
-24.83306 33.3779 90.08213
-24.75088 33.20532 90.08213
-24.66869 33.03274 90.08213
-24.58651 32.86016 90.08213
-24.50432 32.68758 90.08213
-24.42214 32.515 90.08213
-24.33995 32.34242 90.08213
-24.25777 32.16984 90.08213
-24.17558 31.99726 90.08213
-24.0934 31.82468 90.08213
-24.01121 31.6521 90.08213
-23.91972 31.48428 90.08213
-23.82769 31.31675 90.08213
-23.73566 31.14921 90.08213
-23.64362 30.98168 90.08213
-23.55159 30.81414 90.08213
-23.45956 30.6466 90.08213
-23.36753 30.47907 90.08213
-23.27549 30.31153 90.08213
-23.18346 30.144 90.08213
-23.09142 29.97646 90.08213
-22.99939 29.80893 90.08213
-22.90736 29.64139 90.08213
-22.81533 29.47385 90.08213
-22.72329 29.30632 90.08213
-22.63126 29.13878 90.08213
-22.52559 28.97988 90.08213
-22.41351 28.82504 90.08213
-22.30143 28.67019 90.08213
-22.18935 28.51535 90.08213
-22.07727 28.36051 90.08213
-21.96519 28.20567 90.08213
-21.84962 28.05342 90.08213
-21.73309 27.9019 90.08213
-21.61656 27.75038 90.08213
-21.50002 27.59886 90.08213
-21.38349 27.44734 90.08213
-21.26696 27.29582 90.08213
-21.15042 27.1443 90.08212
-21.03389 26.99278 90.08212
-20.91735 26.84126 90.08212
-20.80082 26.68974 90.08212
-20.68429 26.53822 90.08212
-20.56775 26.3867 90.08212
-20.43769 26.24706 90.08212
-20.30253 26.1119 90.08212
-20.16736 25.97674 90.08212
-20.0322 25.84158 90.08212
-19.89703 25.70642 90.08212
-19.76187 25.57125 90.08212
-19.6267 25.43609 90.08212
-19.49154 25.30093 90.08212
-19.35637 25.16577 90.08212
-19.2212 25.03061 90.08212
-19.08604 24.89544 90.08212
-18.95087 24.76028 90.08212
-18.81571 24.62512 90.08212
-18.68668 24.48413 90.08212
-18.55843 24.34238 90.08212
-18.43018 24.20064 90.08212
-18.30193 24.0589 90.08212
-18.17368 23.91716 90.08212
-18.04543 23.77542 90.08212
-17.91719 23.63367 90.08212
-17.78894 23.49193 90.08212
-17.66069 23.35019 90.08212
-17.52851 23.21251 90.08212
-17.38252 23.08912 90.08212
-17.23653 22.96574 90.08212
-17.09053 22.84235 90.08212
-16.94454 22.71897 90.08212
-16.79855 22.59558 90.08212
-16.65255 22.47219 90.08212
-16.50656 22.34881 90.08212
-16.36057 22.22542 90.08212
-16.21457 22.10203 90.08212
-16.06017 21.98994 90.08212
-15.90013 21.88541 90.08212
-15.74009 21.78089 90.08212
-15.58004 21.67637 90.08212
-15.42 21.57185 90.08212
-15.25996 21.46733 90.08212
-15.09992 21.36281 90.08212
-14.93988 21.25829 90.08212
-14.77983 21.15376 90.08212
-14.61979 21.04924 90.08212
-14.45975 20.94472 90.08212
-14.30066 20.8388 90.08212
-14.1446 20.72842 90.08212
-13.98854 20.61803 90.08212
-13.83249 20.50765 90.08212
-13.67643 20.39726 90.08212
-13.52037 20.28688 90.08212
-13.36432 20.1765 90.08212
-13.20826 20.06611 90.08212
-13.0522 19.95573 90.08212
-12.89614 19.84535 90.08212
-12.74009 19.73496 90.08212
-12.58403 19.62458 90.08212
-12.42797 19.5142 90.08212
Stroke End
16.40386 36.02657 90.08213
16.21106 35.86463 90.08213
16.01827 35.70269 90.08213
15.82547 35.54074 90.08213
15.63267 35.3788 90.08213
15.43987 35.21685 90.08213
15.24707 35.05491 90.08212
15.05428 34.89296 90.08212
14.86148 34.73102 90.08212
14.66868 34.56908 90.08212
14.47588 34.40713 90.08212
14.28314 34.24512 90.08212
14.09054 34.08294 90.08212
13.89794 33.92076 90.08212
13.70534 33.75858 90.08212
13.51274 33.5964 90.08212
13.32014 33.43422 90.08212
13.12754 33.27205 90.08212
12.93494 33.10986 90.08212
12.74234 32.94769 90.08212
12.55059 32.78451 90.08212
12.3611 32.61871 90.08212
12.17161 32.45292 90.08212
11.98211 32.28711 90.08212
11.79262 32.12132 90.08212
11.60313 31.95551 90.08212
11.41364 31.78971 90.08212
11.22414 31.62391 90.08212
11.03465 31.45811 90.08212
10.84516 31.29232 90.08212
10.65567 31.12652 90.08212
10.46838 30.95823 90.08212
10.28163 30.78936 90.08212
10.09487 30.62048 90.08212
9.908115 30.4516 90.08212
9.72136 30.28273 90.08212
9.534604 30.11385 90.08212
9.347849 29.94497 90.08212
9.161093 29.7761 90.08212
8.974337 29.60722 90.08212
8.786761 29.43932 90.08212
8.588645 29.28393 90.08212
8.390528 29.12853 90.08212
8.192411 28.97314 90.08212
7.994295 28.81775 90.08212
7.796178 28.66236 90.08212
7.598062 28.50696 90.08212
7.399944 28.35157 90.08212
7.201828 28.19618 90.08212
7.003712 28.04079 90.08212
6.805594 27.8854 90.08212
6.607478 27.73 90.08212
6.409361 27.57461 90.08212
6.210732 27.41989 90.08212
6.008989 27.26923 90.08212
5.807246 27.11858 90.08212
5.605504 26.96792 90.08212
5.403762 26.81727 90.08212
5.202019 26.66661 90.08212
5.000276 26.51596 90.08212
4.798534 26.3653 90.08212
4.596791 26.21465 90.08212
4.395049 26.064 90.08212
4.193305 25.91334 90.08212
3.991563 25.76269 90.08212
3.789821 25.61203 90.08212
3.588078 25.46138 90.08212
3.386334 25.31072 90.08212
3.184592 25.16007 90.08212
2.988894 25.00165 90.08212
2.793286 24.84311 90.08212
2.597679 24.68457 90.08212
2.40207 24.52603 90.08212
2.206462 24.36749 90.08212
2.010854 24.20895 90.08212
1.813938 24.05205 90.08212
1.616311 23.89604 90.08212
1.418684 23.74002 90.08212
1.221055 23.58401 90.08212
1.023428 23.42799 90.08212
0.8258013 23.27198 90.08212
0.6281741 23.11596 90.08212
0.4305471 22.95995 90.08212
0.2329185 22.80394 90.08212
0.03529141 22.64792 90.08212
-0.1623357 22.49191 90.08212
-0.3599629 22.3359 90.08212
-0.5789685 22.21205 90.08212
-0.7993452 22.09027 90.08212
-1.019724 21.96848 90.08212
-1.2401 21.8467 90.08212
-1.460477 21.72492 90.08212
-1.680854 21.60314 90.08212
-1.901231 21.48136 90.08212
-2.121609 21.35957 90.08212
-2.341986 21.23779 90.08212
-2.575357 21.14358 90.08212
-2.809559 21.05113 90.08212
-3.04376 20.95869 90.08212
-3.277964 20.86624 90.08212
Stroke End
-1.36354 42.05462 90.08213
-1.457115 41.52148 90.08213
-1.533675 40.98558 90.08213
-1.610235 40.44969 90.08213
-1.686795 39.91379 90.08213
-1.763355 39.3779 90.08213
-1.839915 38.842 90.08213
-1.916475 38.3061 90.08213
-2.017129 37.77448 90.08213
-2.129851 37.24501 90.08213
-2.242572 36.71554 90.08213
-2.373225 36.19032 90.08213
-2.510384 35.66665 90.08213
-2.647542 35.14297 90.08213
-2.784701 34.6193 90.08213
-2.92186 34.09563 90.08213
-3.059018 33.57196 90.08213
-3.199926 33.0494 90.08213
-3.372375 32.53627 90.08213
-3.544823 32.02313 90.08213
-3.717272 31.50999 90.08213
-3.889721 30.99686 90.08212
-4.06217 30.48372 90.08212
-4.234619 29.97059 90.08212
-4.410851 29.45874 90.08212
-4.587616 28.94708 90.08212
-4.764382 28.43541 90.08212
-4.941147 27.92375 90.08212
-5.117913 27.41208 90.08212
-5.294678 26.90042 90.08212
-5.471444 26.38876 90.08212
-5.648209 25.87709 90.08212
-5.824975 25.36543 90.08212
-6.002575 24.85406 90.08212
-6.193539 24.34753 90.08212
-6.384503 23.84099 90.08212
-6.575467 23.33445 90.08212
-6.76643 22.82792 90.08212
-6.957394 22.32138 90.08212
-7.148357 21.81484 90.08212
-7.360258 21.3171 90.08212
-7.588107 20.82604 90.08212
-7.815956 20.33499 90.08212
-8.043805 19.84394 90.08212
-8.271655 19.35289 90.08212
-8.499504 18.86184 90.08212
-8.727353 18.37079 90.08212
-8.964749 17.88454 90.08212
-9.223025 17.40878 90.08212
-9.4813 16.93303 90.08212
-9.739576 16.45728 90.08212
-10.01522 15.99186 90.08212
-10.31011 15.5379 90.08212
-10.605 15.08393 90.08212
-10.8999 14.62997 90.08212
-11.19479 14.176 90.08212
-11.48969 13.72204 90.08212
-11.78458 13.26807 90.08212
-12.07948 12.81411 90.08212
-12.38338 12.3662 90.08212
-12.69262 11.92189 90.08212
-13.00186 11.47757 90.08212
-13.31111 11.03326 90.08212
-13.62035 10.58894 90.08212
-13.92959 10.14463 90.08212
-14.23884 9.700318 90.08212
-14.54808 9.256002 90.08212
-14.90015 8.847199 90.08212
-15.27952 8.461024 90.08212
-15.65888 8.074851 90.08212
-16.03824 7.688675 90.08212
-16.4176 7.302502 90.08212
-16.79697 6.916327 90.08212
-17.17633 6.530154 90.08212
-17.55569 6.143978 90.08212
-17.94421 5.767489 90.08212
-18.35107 5.4104 90.08212
-18.75793 5.053308 90.08212
-19.16478 4.696218 90.08212
-19.57164 4.339127 90.08212
-19.9785 3.982038 90.08212
-20.38536 3.624946 90.08212
-20.81312 3.295637 90.08212
-21.26893 3.003599 90.08212
-21.72473 2.711564 90.08212
-22.18054 2.419526 90.08212
-22.63635 2.12749 90.08212
-23.09216 1.835454 90.08212
-23.54797 1.543417 90.08212
-24.00377 1.251381 90.08212
-24.45958 0.959343 90.08212
-24.91539 0.6673074 90.08212
-25.3712 0.3752696 90.08212
-25.82701 0.08323379 90.08212
-26.28282 -0.208804 90.08212
-26.7817 -0.4170302 90.08212
-27.28448 -0.6176891 90.08212
-27.78725 -0.8183467 90.08212
-28.29003 -1.019004 90.08212
-28.7928 -1.219663 90.08212
Stroke End
-3.760086 21.86982 90.08212
-3.611078 21.70514 90.08212
-3.46207 21.54045 90.08212
-3.308072 21.38097 90.08212
-3.137085 21.23924 90.08212
-2.966097 21.09751 90.08212
-2.79511 20.95577 90.08212
-2.624123 20.81404 90.08212
-2.453136 20.67231 90.08212
-2.280725 20.53233 90.08212
-2.106405 20.39472 90.08212
-1.932086 20.2571 90.08212
-1.757766 20.11949 90.08212
-1.583447 19.98187 90.08212
-1.409128 19.84426 90.08212
-1.234808 19.70665 90.08212
-1.066001 19.56239 90.08212
-0.8986554 19.41638 90.08212
-0.7313098 19.27036 90.08212
-0.5639644 19.12435 90.08212
-0.3966188 18.97833 90.08212
-0.2292734 18.83231 90.08212
-0.06192805 18.6863 90.08212
0.1054177 18.54028 90.08212
0.272763 18.39427 90.08212
0.4442659 18.25338 90.08212
0.6218085 18.11995 90.08212
0.7993507 17.98652 90.08212
0.9768929 17.85309 90.08212
1.154436 17.71966 90.08212
1.331978 17.58623 90.08212
1.50952 17.4528 90.08212
1.687063 17.31937 90.08212
1.864605 17.18594 90.08212
2.042147 17.05251 90.08212
2.21969 16.91908 90.08212
2.397232 16.78565 90.08212
2.568346 16.64418 90.08212
2.737554 16.50033 90.08212
2.906762 16.35647 90.08212
3.07597 16.21262 90.08212
3.245178 16.06877 90.08212
3.414385 15.92491 90.08212
3.583593 15.78106 90.08212
3.7528 15.63721 90.08212
3.922009 15.49335 90.08212
4.091217 15.3495 90.08212
4.260424 15.20565 90.08212
4.429632 15.06179 90.08212
4.59884 14.91794 90.08212
4.768047 14.77409 90.08212
4.937255 14.63023 90.08212
5.106463 14.48638 90.08212
5.27567 14.34253 90.08212
5.444878 14.19868 90.08212
5.614086 14.05482 90.08212
5.78391 13.9117 90.08212
5.953969 13.76885 90.08212
6.124029 13.62601 90.08212
6.294088 13.48316 90.08212
6.464147 13.34032 90.08212
6.634206 13.19747 90.08212
6.804266 13.05462 90.08212
6.974325 12.91178 90.08212
7.144384 12.76893 90.08212
7.314444 12.62609 90.08212
7.484502 12.48324 90.08212
7.654562 12.3404 90.08212
7.821555 12.19403 90.08212
7.986286 12.04507 90.08212
8.151017 11.89612 90.08212
8.315748 11.74716 90.08212
8.480479 11.5982 90.08212
8.645359 11.44941 90.08212
8.812704 11.30339 90.08212
8.98005 11.15738 90.08212
9.147395 11.01136 90.08212
9.31474 10.86535 90.08212
9.482086 10.71933 90.08212
9.649431 10.57332 90.08212
9.816777 10.4273 90.08212
9.984122 10.28128 90.08212
10.15147 10.13527 90.08212
10.3174 9.987651 90.08212
10.48264 9.839262 90.08212
10.64788 9.690873 90.08212
10.81313 9.542483 90.08212
10.97837 9.394094 90.08212
11.14362 9.245706 90.08212
11.30886 9.097316 90.08212
11.4741 8.948927 90.08212
11.64012 8.801399 90.08212
11.8065 8.654287 90.08212
11.97288 8.507177 90.08212
12.13927 8.360067 90.08212
12.30565 8.212955 90.08212
12.45977 8.053439 90.08212
12.60972 7.889731 90.08212
12.7807 7.747988 90.08212
12.94928 7.603745 90.08212
Stroke End
-28.22126 -3.612336 90.08212
-28.1333 -3.748449 90.08212
-28.04533 -3.884561 90.08212
-27.95737 -4.020674 90.08212
-27.8694 -4.156787 90.08212
-27.78051 -4.292291 90.08212
-27.68951 -4.426393 90.08212
-27.59851 -4.560494 90.08212
-27.50751 -4.694596 90.08212
-27.41651 -4.828699 90.08212
-27.3255 -4.962801 90.08212
-27.2345 -5.096902 90.08212
-27.1435 -5.231005 90.08212
-27.0525 -5.365107 90.08212
-26.9615 -5.499208 90.08212
-26.87049 -5.633311 90.08212
-26.77949 -5.767413 90.08212
-26.68849 -5.901515 90.08212
-26.59749 -6.035616 90.08212
-26.51063 -6.172395 90.08212
-26.4257 -6.310426 90.08212
-26.34078 -6.448456 90.08212
-26.25585 -6.586487 90.08212
-26.17093 -6.724517 90.08212
-26.086 -6.862548 90.08212
-26.00108 -7.000578 90.08212
-25.91615 -7.138609 90.08212
-25.83123 -7.276639 90.08212
-25.7463 -7.41467 90.08212
-25.66138 -7.552701 90.08212
-25.57645 -7.690732 90.08212
-25.49153 -7.828762 90.08212
-25.4066 -7.966793 90.08212
-25.32168 -8.104823 90.08212
-25.23675 -8.242854 90.08212
-25.15085 -8.380246 90.08212
-25.05886 -8.513677 90.08212
-24.96688 -8.647107 90.08212
-24.8749 -8.780538 90.08212
-24.78292 -8.913968 90.08212
-24.69093 -9.047399 90.08212
-24.59895 -9.180829 90.08212
-24.50696 -9.31426 90.08212
-24.41498 -9.44769 90.08212
-24.323 -9.58112 90.08212
-24.23101 -9.714551 90.08212
-24.13903 -9.847981 90.08212
-24.04704 -9.981412 90.08212
-23.95506 -10.11484 90.08212
-23.86308 -10.24827 90.08212
-23.76578 -10.37783 90.08212
-23.66685 -10.50619 90.08212
-23.56791 -10.63455 90.08212
-23.46898 -10.76291 90.08212
-23.37004 -10.89127 90.08212
-23.27111 -11.01963 90.08212
-23.17217 -11.14799 90.08212
-23.07324 -11.27636 90.08212
-22.9743 -11.40472 90.08212
-22.87536 -11.53308 90.08212
-22.77643 -11.66144 90.08212
-22.6775 -11.7898 90.08212
-22.57856 -11.91816 90.08212
-22.47962 -12.04652 90.08212
-22.38069 -12.17488 90.08212
-22.28176 -12.30324 90.08212
-22.18282 -12.4316 90.08212
-22.08388 -12.55997 90.08212
-21.98495 -12.68833 90.08212
-21.8806 -12.81216 90.08212
-21.77186 -12.93233 90.08212
-21.66313 -13.05251 90.08212
-21.5544 -13.17268 90.08212
-21.44566 -13.29285 90.08212
-21.33693 -13.41303 90.08212
-21.22819 -13.5332 90.08212
-21.11153 -13.64547 90.08212
-20.99168 -13.75456 90.08212
-20.87183 -13.86365 90.08212
-20.75198 -13.97273 90.08212
-20.63213 -14.08182 90.08212
-20.51227 -14.19091 90.08212
-20.39242 -14.3 90.08212
-20.27257 -14.40908 90.08212
-20.15272 -14.51817 90.08212
-20.03286 -14.62726 90.08212
-19.91301 -14.73635 90.08212
-19.79316 -14.84543 90.08212
-19.66602 -14.94593 90.08212
-19.53882 -15.04635 90.08212
-19.41162 -15.14677 90.08212
-19.28441 -15.24719 90.08212
-19.15285 -15.34145 90.08212
-19.01583 -15.42799 90.08212
-18.8788 -15.51453 90.08212
-18.74178 -15.60107 90.08212
-18.60475 -15.68761 90.08211
-18.46773 -15.77414 90.08211
-18.3307 -15.86068 90.08211
-18.19368 -15.94722 90.08211
Stroke End
17.64345 0.8630173 90.08212
17.49243 0.6543661 90.08212
17.3414 0.4457149 90.08212
17.17949 0.2454981 90.08212
17.01506 0.04724292 90.08212
16.85062 -0.1510123 90.08212
16.68619 -0.3492677 90.08212
16.52175 -0.5475229 90.08212
16.35333 -0.74222 90.08212
16.17482 -0.927906 90.08212
15.99632 -1.113592 90.08212
15.81781 -1.299278 90.08212
15.6393 -1.484964 90.08212
15.46079 -1.67065 90.08212
15.28229 -1.856336 90.08212
15.10378 -2.042022 90.08212
14.91743 -2.219309 90.08212
14.71994 -2.384663 90.08212
14.52245 -2.550017 90.08212
14.32496 -2.715371 90.08212
14.12747 -2.880725 90.08212
13.92998 -3.046079 90.08212
13.73249 -3.211432 90.08212
13.535 -3.376786 90.08212
13.33751 -3.54214 90.08212
13.14002 -3.707494 90.08212
12.94253 -3.872848 90.08212
12.74504 -4.038202 90.08212
12.54755 -4.203556 90.08212
12.35006 -4.36891 90.08212
12.15858 -4.541036 90.08212
11.97105 -4.717598 90.08212
11.78351 -4.89416 90.08212
11.59597 -5.070723 90.08212
11.40844 -5.247284 90.08212
11.2209 -5.423846 90.08212
11.03336 -5.600409 90.08212
10.84583 -5.77697 90.08212
10.65829 -5.953532 90.08212
10.47075 -6.130095 90.08212
10.28321 -6.306656 90.08212
10.09568 -6.483218 90.08212
9.906428 -6.657938 90.08212
9.716471 -6.831892 90.08212
9.526512 -7.005846 90.08212
9.336554 -7.179801 90.08212
9.146596 -7.353755 90.08212
8.956637 -7.527709 90.08212
8.766679 -7.701663 90.08212
8.576721 -7.875618 90.08211
8.386763 -8.049572 90.08211
8.196805 -8.223526 90.08211
8.006845 -8.39748 90.08211
7.816887 -8.571435 90.08211
7.62693 -8.745388 90.08211
7.436971 -8.919343 90.08211
7.247013 -9.093297 90.08211
7.046656 -9.254234 90.08211
6.835046 -9.401087 90.08211
6.623435 -9.547938 90.08211
6.411826 -9.69479 90.08211
6.200216 -9.841642 90.08211
5.988605 -9.988494 90.08211
5.776996 -10.13535 90.08211
5.565386 -10.2822 90.08211
5.353776 -10.42905 90.08211
5.142165 -10.5759 90.08211
4.930557 -10.72275 90.08211
4.718946 -10.86961 90.08211
4.507336 -11.01646 90.08211
4.295726 -11.16331 90.08211
4.084116 -11.31016 90.08211
3.872505 -11.45701 90.08211
3.660897 -11.60386 90.08211
3.450413 -11.75232 90.08211
3.24044 -11.9015 90.08211
3.030468 -12.05069 90.08211
2.820495 -12.19987 90.08211
2.610523 -12.34906 90.08211
2.400552 -12.49824 90.08211
2.190579 -12.64742 90.08211
1.980607 -12.79661 90.08211
1.770634 -12.94579 90.08211
1.560662 -13.09498 90.08211
1.350689 -13.24416 90.08211
1.136922 -13.38777 90.08211
0.9212641 -13.52861 90.08211
0.7056059 -13.66945 90.08211
0.4899477 -13.8103 90.08211
0.2742896 -13.95113 90.08211
0.05863137 -14.09198 90.08211
-0.1570251 -14.23281 90.08211
-0.3726833 -14.37365 90.08211
-0.5888444 -14.51371 90.08211
-0.8066211 -14.65125 90.08211
-1.024398 -14.78879 90.08211
-1.242175 -14.92634 90.08211
-1.45995 -15.06388 90.08211
-1.677727 -15.20142 90.08211
-1.892628 -15.3434 90.08211
Stroke End
-6.23926 4.790393 90.08212
-6.091383 4.177499 90.08212
-5.943507 3.564605 90.08212
-5.813672 2.947722 90.08212
-5.743425 2.324233 90.08212
-5.743425 1.693752 90.08212
-5.743425 1.063271 90.08212
-5.765732 0.433797 90.08212
-5.822546 -0.1941193 90.08212
-5.879359 -0.8220356 90.08212
-5.962987 -1.44632 90.08212
-6.075256 -2.066724 90.08212
-6.187524 -2.687129 90.08212
-6.299793 -3.307534 90.08212
-6.420209 -3.926395 90.08212
-6.542623 -4.544879 90.08212
-6.665036 -5.163362 90.08212
-6.78745 -5.781845 90.08212
-6.912944 -6.399614 90.08212
-7.075083 -7.00889 90.08212
-7.237223 -7.618167 90.08212
-7.399362 -8.227443 90.08212
-7.561501 -8.836718 90.08212
-7.723641 -9.445994 90.08212
-7.946899 -10.03555 90.08212
-8.171357 -10.62473 90.08212
-8.395816 -11.2139 90.08211
-8.620275 -11.80307 90.08211
-8.844732 -12.39225 90.08211
-9.073843 -12.9794 90.08211
-9.349983 -13.5462 90.08211
-9.626123 -14.11299 90.08211
-9.902264 -14.67978 90.08211
-10.1784 -15.24657 90.08211
-10.45454 -15.81336 90.08211
-10.73068 -16.38015 90.08211
-11.02669 -16.93672 90.08211
-11.3275 -17.49081 90.08211
-11.62831 -18.04491 90.08211
-11.92912 -18.599 90.08211
-12.22992 -19.1531 90.08211
-12.53073 -19.7072 90.08211
-12.82512 -20.26456 90.08211
-13.09564 -20.83405 90.08211
-13.36616 -21.40355 90.08211
-13.63668 -21.97304 90.08211
-13.90721 -22.54254 90.08211
-14.17773 -23.11203 90.08211
-14.44825 -23.68152 90.08211
-14.7579 -24.23027 90.08211
-15.07752 -24.77373 90.08211
-15.39714 -25.31719 90.08211
-15.71676 -25.86065 90.08211
-16.03638 -26.40411 90.08211
-16.356 -26.94757 90.08211
-16.6796 -27.48841 90.08211
-17.05254 -27.99677 90.08211
-17.42548 -28.50512 90.08211
-17.79842 -29.01347 90.08211
-18.17136 -29.52182 90.08211
-18.54431 -30.03017 90.08211
-18.91725 -30.53852 90.08211
-19.28315 -31.05187 90.08211
-19.63961 -31.57191 90.08211
-19.99608 -32.09195 90.08211
-20.35254 -32.61198 90.08211
-20.709 -33.13202 90.08211
-21.06547 -33.65206 90.08211
-21.44395 -34.15586 90.08211
-21.8353 -34.65018 90.08211
-22.22666 -35.14449 90.08211
-22.65128 -35.60953 90.08211
-23.09192 -36.06046 90.08211
-23.53257 -36.5114 90.08211
-23.97321 -36.96233 90.08211
-24.41385 -37.41326 90.08211
-24.8545 -37.86419 90.0821
-25.29514 -38.31512 90.0821
-25.73578 -38.76606 90.0821
-26.17643 -39.21699 90.0821
-26.61707 -39.66792 90.0821
-27.0733 -40.1026 90.0821
-27.5424 -40.52385 90.0821
-28.01151 -40.94509 90.0821
-28.49458 -41.35003 90.0821
-28.98286 -41.7489 90.0821
-29.47113 -42.14777 90.0821
-29.9594 -42.54663 90.0821
-30.44767 -42.9455 90.0821
-30.93595 -43.34437 90.0821
-31.42422 -43.74324 90.0821
-31.91249 -44.14211 90.0821
-32.46074 -44.45235 90.0821
-33.01257 -44.75729 90.0821
-33.5617 -45.06692 90.0821
-34.10265 -45.39076 90.0821
-34.6436 -45.71461 90.0821
-35.18456 -46.03846 90.0821
-35.72739 -46.35913 90.0821
-36.27156 -46.67754 90.0821
Stroke End
-7.561482 -17.31243 90.08211
-7.185453 -17.76581 90.08211
-6.809425 -18.21918 90.08211
-6.40579 -18.64698 90.08211
-5.982374 -19.05645 90.08211
-5.558958 -19.46592 90.08211
-5.131015 -19.8706 90.08211
-4.697752 -20.26963 90.08211
-4.26449 -20.66867 90.08211
-3.831165 -21.06764 90.08211
-3.395558 -21.46412 90.08211
-2.959951 -21.86059 90.08211
-2.524345 -22.25707 90.08211
-2.102189 -22.66772 90.08211
-1.683365 -23.08189 90.08211
-1.264541 -23.49606 90.08211
-0.8435084 -23.90773 90.08211
-0.3826057 -24.2745 90.08211
0.07829782 -24.64126 90.08211
0.5392013 -25.00802 90.08211
1.000104 -25.37479 90.08211
1.458078 -25.74518 90.08211
1.913844 -26.11831 90.08211
2.36961 -26.49144 90.08211
2.825375 -26.86456 90.08211
3.28114 -27.23769 90.08211
3.745021 -27.60057 90.08211
4.212819 -27.9585 90.08211
4.678547 -28.31909 90.08211
5.140868 -28.68406 90.08211
5.603191 -29.04904 90.08211
6.065513 -29.41401 90.08211
6.527834 -29.77898 90.08211
6.997418 -30.13421 90.08211
7.47921 -30.47307 90.08211
7.961004 -30.81192 90.08211
8.442797 -31.15078 90.0821
8.924589 -31.48964 90.0821
9.406384 -31.82849 90.0821
9.892364 -32.16128 90.0821
10.38003 -32.49162 90.0821
10.8677 -32.82196 90.0821
11.35537 -33.1523 90.0821
11.84304 -33.48265 90.0821
12.327 -33.81833 90.0821
12.80659 -34.16029 90.0821
13.28618 -34.50226 90.0821
13.76577 -34.84423 90.0821
14.24536 -35.1862 90.0821
14.72883 -35.52206 90.0821
15.24142 -35.81223 90.0821
15.75402 -36.10239 90.0821
16.26661 -36.39256 90.0821
16.7792 -36.68273 90.0821
17.29179 -36.9729 90.0821
17.80438 -37.26307 90.0821
18.31461 -37.55733 90.0821
18.82255 -37.85557 90.0821
19.33049 -38.1538 90.0821
19.83843 -38.45204 90.0821
20.34637 -38.75028 90.0821
20.85769 -39.04247 90.0821
21.37687 -39.32068 90.0821
21.89605 -39.59889 90.0821
22.41523 -39.8771 90.0821
22.93441 -40.15531 90.0821
23.4546 -40.43143 90.0821
23.99448 -40.66697 90.0821
24.53436 -40.9025 90.0821
25.07424 -41.13803 90.0821
25.61412 -41.37357 90.0821
26.154 -41.6091 90.0821
26.69687 -41.83722 90.0821
27.24957 -42.04084 90.0821
27.80228 -42.24445 90.0821
28.35499 -42.44807 90.0821
28.9077 -42.65169 90.0821
29.46819 -42.82715 90.0821
30.047 -42.93637 90.0821
30.62581 -43.04559 90.0821
31.20462 -43.15481 90.0821
31.78343 -43.26403 90.0821
32.36223 -43.37325 90.0821
32.94296 -43.47088 90.0821
33.52608 -43.55404 90.0821
34.1092 -43.6372 90.0821
34.69233 -43.72036 90.0821
35.27575 -43.79926 90.0821
35.86477 -43.79926 90.0821
36.4538 -43.79926 90.0821
37.04282 -43.79926 90.0821
37.63184 -43.79926 90.0821
38.22086 -43.79925 90.08209
38.80988 -43.79925 90.08209
39.39891 -43.79925 90.08209
39.98793 -43.79925 90.08209
40.5765 -43.77913 90.08209
41.16496 -43.75312 90.08209
41.7534 -43.72711 90.08209
42.342 -43.70793 90.08209
Stroke End
