8
wood
110
-39.047 10.36174 90.08212
-38.70178 10.40413 90.08212
-38.35657 10.44652 90.08212
-38.0118 10.49235 90.08212
-37.66711 10.53881 90.08212
-37.32242 10.58527 90.08212
-36.97773 10.63173 90.08212
-36.63304 10.67819 90.08212
-36.28835 10.72465 90.08212
-35.94366 10.77111 90.08212
-35.59897 10.81757 90.08212
-35.25428 10.86403 90.08212
-34.90961 10.91059 90.08212
-34.56586 10.9636 90.08212
-34.22212 11.01661 90.08212
-33.87838 11.06962 90.08212
-33.53464 11.12264 90.08212
-33.19089 11.17565 90.08212
-32.84715 11.22866 90.08212
-32.50341 11.28167 90.08212
-32.15966 11.33468 90.08212
-31.81592 11.38769 90.08212
-31.47218 11.4407 90.08212
-31.12958 11.50049 90.08212
-30.78753 11.56349 90.08212
-30.44548 11.6265 90.08212
-30.10343 11.6895 90.08212
-29.76137 11.75251 90.08212
-29.41932 11.81552 90.08212
-29.07727 11.87852 90.08212
-28.73522 11.94153 90.08212
-28.39316 12.00453 90.08212
-28.05111 12.06754 90.08212
-27.70906 12.13055 90.08212
-27.36701 12.19355 90.08212
-27.02496 12.25656 90.08212
-26.68445 12.32719 90.08212
-26.34484 12.40225 90.08212
-26.00523 12.47732 90.08212
-25.66562 12.55239 90.08212
-25.32601 12.62746 90.08212
-24.9864 12.70253 90.08212
-24.6468 12.7776 90.08212
-24.30719 12.85266 90.08212
-23.96758 12.92773 90.08212
-23.62797 13.0028 90.08212
-23.28836 13.07787 90.08212
-22.94875 13.15294 90.08212
-22.61117 13.23617 90.08212
-22.27593 13.3288 90.08212
-21.94068 13.42143 90.08212
-21.60543 13.51406 90.08212
-21.27019 13.60669 90.08212
-20.93495 13.69932 90.08212
-20.5997 13.79195 90.08212
-20.26446 13.88458 90.08212
-19.92921 13.97721 90.08212
-19.59397 14.06984 90.08212
-19.25872 14.16247 90.08212
-18.92664 14.26551 90.08212
-18.59651 14.37497 90.08212
-18.26637 14.48443 90.08212
-17.93624 14.59389 90.08212
-17.60611 14.70335 90.08212
-17.27597 14.81281 90.08212
-16.94584 14.92227 90.08212
-16.61506 15.02957 90.08212
-16.27901 15.11922 90.08212
-15.94295 15.20887 90.08212
-15.6069 15.29852 90.08212
-15.27085 15.38818 90.08212
-14.93479 15.47783 90.08212
-14.59874 15.56748 90.08212
-14.26269 15.65713 90.08212
-13.92901 15.75526 90.08212
-13.59539 15.85359 90.08212
-13.26177 15.95191 90.08212
-12.93035 16.05677 90.08212
-12.60511 16.18001 90.08212
-12.27988 16.30326 90.08212
-11.95464 16.4265 90.08212
-11.6294 16.54975 90.08212
-11.30416 16.67299 90.08212
-10.97892 16.79624 90.08212
-10.65368 16.91948 90.08212
-10.32844 17.04273 90.08212
-10.01089 17.18258 90.08212
-9.706477 17.35081 90.08212
-9.40206 17.51903 90.08212
-9.097641 17.68725 90.08212
-8.793222 17.85548 90.08212
-8.488804 18.0237 90.08212
-8.184387 18.19192 90.08212
-7.879969 18.36015 90.08212
-7.577883 18.53231 90.08212
-7.283808 18.71803 90.08212
-6.989737 18.90374 90.08212
-6.695662 19.08946 90.08212
-6.413692 19.29074 90.08212
-6.161198 19.52994 90.08212
Stroke End
-22.27125 38.76659 90.08213
-22.18653 38.06431 90.08213
-22.10181 37.36203 90.08213
-22.01709 36.65976 90.08213
-21.93325 35.95738 90.08213
-21.85749 35.25408 90.08213
-21.78173 34.55078 90.08213
-21.70598 33.84748 90.08213
-21.63022 33.14418 90.08213
-21.55447 32.44088 90.08213
-21.51166 31.73523 90.08213
-21.48706 31.02829 90.08213
-21.46246 30.32135 90.08213
-21.43785 29.61441 90.08213
-21.41325 28.90747 90.08213
-21.38865 28.20053 90.08213
-21.36405 27.49358 90.08213
-21.37094 26.7863 90.08213
-21.38035 26.079 90.08213
-21.38976 25.37169 90.08213
-21.39917 24.66439 90.08213
-21.40858 23.95708 90.08212
-21.418 23.24977 90.08212
-21.42741 22.54247 90.08212
-21.43682 21.83516 90.08212
-21.44487 21.12785 90.08212
-21.44487 20.42048 90.08212
-21.44486 19.71311 90.08212
-21.44486 19.00574 90.08212
-21.44486 18.29837 90.08212
-21.44486 17.591 90.08212
-21.44486 16.88363 90.08212
-21.44486 16.17626 90.08212
-21.44486 15.4689 90.08212
-21.44486 14.76153 90.08212
-21.44486 14.05416 90.08212
-21.44486 13.34679 90.08212
-21.44486 12.63942 90.08212
-21.44486 11.93205 90.08212
-21.44486 11.22468 90.08212
-21.44486 10.51731 90.08212
-21.44486 9.809945 90.08212
-21.44486 9.102576 90.08212
-21.44486 8.395207 90.08212
-21.44575 7.687855 90.08212
-21.47067 6.980925 90.08212
-21.49559 6.273996 90.08212
-21.52051 5.567064 90.08212
-21.54543 4.860137 90.08212
-21.57035 4.153209 90.08212
-21.59527 3.446278 90.08212
-21.62019 2.739347 90.08212
-21.64511 2.032419 90.08212
-21.67004 1.325491 90.08212
-21.69554 0.6185828 90.08212
-21.72711 -0.08808292 90.08212
-21.75869 -0.7947448 90.08212
-21.79026 -1.501407 90.08212
-21.82184 -2.208073 90.08212
-21.85341 -2.914738 90.08212
-21.88498 -3.6214 90.08212
-21.91656 -4.328063 90.08212
-21.94813 -5.034728 90.08212
-21.97971 -5.741394 90.08212
-22.01128 -6.448056 90.08212
-22.04004 -7.154834 90.08212
-22.06707 -7.861689 90.08212
-22.09409 -8.568543 90.08212
-22.12111 -9.275394 90.08212
-22.14814 -9.982244 90.08212
-22.17516 -10.6891 90.08212
-22.20219 -11.39595 90.08212
-22.22921 -12.1028 90.08212
-22.25624 -12.80966 90.08212
-22.29117 -13.51611 90.08212
-22.33599 -14.22206 90.08212
-22.38082 -14.928 90.08212
-22.42564 -15.63395 90.08212
-22.47046 -16.3399 90.08211
-22.51529 -17.04585 90.08211
-22.56011 -17.75179 90.08211
-22.60443 -18.45777 90.08211
-22.64202 -19.16414 90.08211
-22.67962 -19.87051 90.08211
-22.71722 -20.57688 90.08211
-22.75481 -21.28324 90.08211
-22.79241 -21.98961 90.08211
-22.83001 -22.69598 90.08211
-22.8676 -23.40235 90.08211
-22.9052 -24.10872 90.08211
-22.94279 -24.81509 90.08211
-22.98039 -25.52146 90.08211
-23.02083 -26.2276 90.08211
-23.09428 -26.93115 90.08211
-23.16772 -27.6347 90.08211
-23.24117 -28.33824 90.08211
-23.30779 -29.04245 90.08211
-23.39378 -29.74405 90.08211
-23.51209 -30.44145 90.08211
-23.63279 -31.13844 90.08211
Stroke End
-21.19695 10.63574 90.08212
-21.27717 10.22202 90.08212
-21.35738 9.808288 90.08212
-21.4376 9.394561 90.08212
-21.51781 8.980833 90.08212
-21.59803 8.567105 90.08212
-21.67824 8.153378 90.08212
-21.75846 7.73965 90.08212
-21.83867 7.325922 90.08212
-21.91889 6.912195 90.08212
-21.99911 6.498467 90.08212
-22.07932 6.08474 90.08212
-22.15954 5.671012 90.08212
-22.26619 5.263818 90.08212
-22.38788 4.860337 90.08212
-22.50957 4.456856 90.08212
-22.63126 4.053376 90.08212
-22.75295 3.649895 90.08212
-22.87465 3.246415 90.08212
-22.99634 2.842934 90.08212
-23.11802 2.439453 90.08212
-23.23972 2.035974 90.08212
-23.36141 1.632493 90.08212
-23.52178 1.24554 90.08212
-23.72923 0.878702 90.08212
-23.93667 0.5118629 90.08212
-24.14412 0.1450247 90.08212
-24.35157 -0.2218142 90.08212
-24.55902 -0.5886532 90.08212
-24.76646 -0.9554915 90.08212
-24.97391 -1.32233 90.08212
-25.18136 -1.689169 90.08212
-25.38881 -2.056008 90.08212
-25.59625 -2.422847 90.08212
-25.8037 -2.789685 90.08212
-26.01546 -3.154016 90.08212
-26.23153 -3.515842 90.08212
-26.44761 -3.877668 90.08212
-26.66368 -4.239493 90.08212
-26.87975 -4.601319 90.08212
-27.09582 -4.963146 90.08212
-27.31189 -5.324972 90.08212
-27.52797 -5.686797 90.08212
-27.74404 -6.048623 90.08212
-27.96011 -6.410449 90.08212
-28.17618 -6.772275 90.08212
-28.39225 -7.134102 90.08212
-28.60832 -7.495926 90.08212
-28.84911 -7.841626 90.08212
-29.09329 -8.185106 90.08212
-29.33748 -8.528586 90.08212
-29.58167 -8.872066 90.08212
-29.82585 -9.215545 90.08212
-30.07004 -9.559025 90.08212
-30.31422 -9.902505 90.08212
-30.55841 -10.24599 90.08212
-30.8026 -10.58947 90.08212
-31.04678 -10.93294 90.08212
-31.29097 -11.27642 90.08212
-31.5471 -11.61095 90.08212
-31.80811 -11.94183 90.08212
-32.06911 -12.27272 90.08212
-32.3301 -12.6036 90.08212
-32.59111 -12.93448 90.08212
-32.8521 -13.26537 90.08212
-33.11311 -13.59625 90.08212
-33.37411 -13.92713 90.08212
-33.63511 -14.25802 90.08212
-33.89611 -14.5889 90.08212
-34.15711 -14.91978 90.08212
-34.43383 -15.2376 90.08212
-34.71146 -15.55466 90.08212
-34.98908 -15.87172 90.08212
-35.26671 -16.18879 90.08212
-35.54433 -16.50585 90.08212
-35.82196 -16.82291 90.08212
-36.09959 -17.13997 90.08212
-36.37721 -17.45704 90.08212
-36.65466 -17.77425 90.08212
-36.92077 -18.10104 90.08212
-37.18688 -18.42783 90.08212
-37.45299 -18.75462 90.08212
-37.7191 -19.08141 90.08212
-37.98521 -19.40819 90.08211
-38.25132 -19.73498 90.08211
-38.51743 -20.06177 90.08211
-38.78354 -20.38856 90.08211
-39.10021 -20.66075 90.08211
-39.44643 -20.90102 90.08211
-39.79266 -21.14129 90.08211
-40.13889 -21.38157 90.08211
-40.48512 -21.62184 90.08211
-40.83135 -21.86211 90.08211
-41.17758 -22.10238 90.08211
-41.5238 -22.34266 90.08211
-41.87003 -22.58293 90.08211
-42.21626 -22.8232 90.08211
-42.5615 -23.06487 90.08211
-42.90505 -23.30896 90.08211
-43.2486 -23.55305 90.08211
Stroke End
-22.10597 4.151035 90.08212
-21.95566 3.991552 90.08212
-21.80535 3.83207 90.08212
-21.65503 3.672587 90.08212
-21.50472 3.513104 90.08212
-21.35441 3.353622 90.08212
-21.20409 3.194139 90.08212
-21.05378 3.034657 90.08212
-20.90347 2.875174 90.08212
-20.75315 2.715692 90.08212
-20.60284 2.556209 90.08212
-20.45253 2.396727 90.08212
-20.30221 2.237244 90.08212
-20.1519 2.077761 90.08212
-20.00242 1.917506 90.08212
-19.85539 1.754998 90.08212
-19.70835 1.59249 90.08212
-19.56131 1.429982 90.08212
-19.41427 1.267473 90.08212
-19.26724 1.104965 90.08212
-19.1202 0.9424571 90.08212
-18.97316 0.7799493 90.08212
-18.82613 0.6174411 90.08212
-18.67909 0.4549329 90.08212
-18.53205 0.2924251 90.08212
-18.38502 0.1299168 90.08212
-18.23798 -0.03259137 90.08212
-18.09094 -0.1950992 90.08212
-17.9439 -0.3576066 90.08212
-17.79687 -0.5201144 90.08212
-17.64983 -0.6826223 90.08212
-17.50279 -0.8451297 90.08212
-17.35575 -1.007638 90.08212
-17.20872 -1.170145 90.08212
-17.05418 -1.32529 90.08212
-16.89432 -1.475201 90.08212
-16.73446 -1.625111 90.08212
-16.5746 -1.775022 90.08212
-16.41474 -1.924933 90.08212
-16.25488 -2.074843 90.08212
-16.09502 -2.224754 90.08212
-15.93516 -2.374665 90.08212
-15.7753 -2.524575 90.08212
-15.61543 -2.674486 90.08212
-15.45557 -2.824397 90.08212
-15.29571 -2.974307 90.08212
-15.13585 -3.124218 90.08212
-14.97599 -3.274129 90.08212
-14.81613 -3.42404 90.08212
-14.65627 -3.573951 90.08212
-14.49641 -3.723861 90.08212
-14.33016 -3.866356 90.08212
-14.15815 -4.00215 90.08212
-13.98613 -4.137944 90.08212
-13.81412 -4.273739 90.08212
-13.64211 -4.409534 90.08212
-13.47009 -4.545328 90.08212
-13.29808 -4.681122 90.08212
-13.12607 -4.816916 90.08212
-12.95405 -4.952711 90.08212
-12.78204 -5.088506 90.08212
-12.61003 -5.2243 90.08212
-12.43801 -5.360095 90.08212
-12.266 -5.495889 90.08212
-12.09399 -5.631683 90.08212
-11.92197 -5.767478 90.08212
-11.74996 -5.903273 90.08212
-11.57795 -6.039067 90.08212
-11.40952 -6.179236 90.08212
-11.24255 -6.321187 90.08212
-11.07558 -6.463139 90.08212
-10.90861 -6.60509 90.08212
-10.74164 -6.747041 90.08212
-10.57467 -6.888992 90.08212
-10.4077 -7.030944 90.08212
-10.24073 -7.172894 90.08212
-10.07376 -7.314846 90.08212
-9.906796 -7.456797 90.08212
-9.739827 -7.598748 90.08212
-9.572857 -7.7407 90.08212
-9.405889 -7.882651 90.08212
-9.233557 -8.01799 90.08212
-9.06022 -8.15209 90.08212
-8.886882 -8.286191 90.08212
-8.713545 -8.420291 90.08212
-8.540207 -8.554393 90.08212
-8.36687 -8.688493 90.08212
-8.193532 -8.822594 90.08212
-8.020195 -8.956694 90.08212
-7.846858 -9.090795 90.08212
-7.665196 -9.210923 90.08212
-7.464754 -9.299536 90.08212
-7.264313 -9.388148 90.08212
-7.063872 -9.476761 90.08212
-6.863431 -9.565372 90.08212
-6.66299 -9.653985 90.08212
-6.462549 -9.742598 90.08212
-6.262107 -9.83121 90.08212
-6.061666 -9.919823 90.08212
-5.861225 -10.00843 90.08212
Stroke End
-14.99901 12.3711 90.08212
-14.51523 12.39852 90.08212
-14.03145 12.42594 90.08212
-13.54767 12.45335 90.08212
-13.0639 12.48077 90.08212
-12.58012 12.50819 90.08212
-12.09634 12.53561 90.08212
-11.61348 12.57337 90.08212
-11.13241 12.63137 90.08212
-10.65134 12.68938 90.08212
-10.17027 12.74738 90.08212
-9.689206 12.80538 90.08212
-9.208137 12.86339 90.08212
-8.727067 12.92139 90.08212
-8.245998 12.97939 90.08212
-7.764929 13.0374 90.08212
-7.28386 13.0954 90.08212
-6.80935 13.19255 90.08212
-6.335651 13.29453 90.08212
-5.861952 13.39652 90.08212
-5.388253 13.4985 90.08212
-4.914554 13.60049 90.08212
-4.440855 13.70247 90.08212
-3.967155 13.80446 90.08212
-3.493456 13.90644 90.08212
-3.019757 14.00843 90.08212
-2.546058 14.11042 90.08212
-2.072359 14.2124 90.08212
-1.59866 14.31439 90.08212
-1.12496 14.41637 90.08212
-0.6548149 14.53256 90.08212
-0.1888935 14.66564 90.08212
0.2770279 14.79872 90.08212
0.7429494 14.93179 90.08212
1.20887 15.06487 90.08212
1.674792 15.19794 90.08212
2.140713 15.33102 90.08212
2.606635 15.4641 90.08212
3.072556 15.59717 90.08212
3.538478 15.73025 90.08212
4.004398 15.86332 90.08212
4.470321 15.9964 90.08212
4.936241 16.12947 90.08212
5.402164 16.26255 90.08212
5.868084 16.39563 90.08212
6.334006 16.5287 90.08212
6.802147 16.6536 90.08212
7.271376 16.77451 90.08212
7.740603 16.8954 90.08212
8.209833 17.0163 90.08212
8.67906 17.1372 90.08212
9.14829 17.2581 90.08212
9.617517 17.379 90.08212
10.08675 17.4999 90.08212
10.55597 17.6208 90.08212
11.0252 17.7417 90.08212
11.49443 17.8626 90.08212
11.96366 17.9835 90.08212
12.43289 18.1044 90.08212
12.90212 18.2253 90.08212
13.37134 18.3462 90.08212
13.84057 18.4671 90.08212
14.3098 18.588 90.08212
14.77903 18.7089 90.08212
15.24826 18.8298 90.08212
15.71749 18.9507 90.08212
16.18671 19.0716 90.08212
16.65594 19.1925 90.08212
17.12517 19.31339 90.08212
17.5944 19.4343 90.08212
18.06363 19.55519 90.08212
18.53286 19.6761 90.08212
19.00208 19.79699 90.08212
19.47131 19.91789 90.08212
19.94054 20.03879 90.08212
20.4096 20.16037 90.08212
20.87864 20.28197 90.08212
21.34769 20.40357 90.08212
21.81674 20.52517 90.08212
22.28579 20.64677 90.08212
22.75483 20.76837 90.08212
23.22388 20.88997 90.08212
23.69293 21.01157 90.08212
24.16198 21.13317 90.08212
24.63102 21.25477 90.08212
25.10007 21.37637 90.08212
25.56912 21.49797 90.08212
26.03816 21.61957 90.08212
26.50721 21.74117 90.08212
26.97754 21.85767 90.08212
27.44843 21.97191 90.08212
27.91932 22.08616 90.08212
28.39021 22.2004 90.08212
28.86111 22.31465 90.08212
29.332 22.42889 90.08212
29.80289 22.54313 90.08212
30.27362 22.65803 90.08212
30.7442 22.7736 90.08212
31.22024 22.8637 90.08212
31.68119 23.00546 90.08212
Stroke End
12.76774 42.32859 90.08213
12.78494 41.51101 90.08213
12.80215 40.69342 90.08213
12.81935 39.87583 90.08213
12.83656 39.05824 90.08213
12.85038 38.24062 90.08213
12.85038 37.42285 90.08213
12.85038 36.60508 90.08213
12.85038 35.78732 90.08213
12.85038 34.96955 90.08212
12.85038 34.15178 90.08212
12.85038 33.33401 90.08212
12.85038 32.51624 90.08212
12.85039 31.69847 90.08212
12.85039 30.8807 90.08212
12.85039 30.06293 90.08212
12.83585 29.24535 90.08212
12.81501 28.42785 90.08212
12.79417 27.61034 90.08212
12.77334 26.79284 90.08212
12.7525 25.97534 90.08212
12.73167 25.15784 90.08212
12.71083 24.34033 90.08212
12.68999 23.52283 90.08212
12.65879 22.70568 90.08212
12.6244 21.88863 90.08212
12.59002 21.07159 90.08212
12.55563 20.25454 90.08212
12.52124 19.43749 90.08212
12.50333 18.61993 90.08212
12.48613 17.80234 90.08212
12.46893 16.98475 90.08212
12.45172 16.16717 90.08212
12.43452 15.34958 90.08212
12.41732 14.53199 90.08212
12.40011 13.7144 90.08212
12.38291 12.89682 90.08212
12.36571 12.07923 90.08212
12.3348 11.26225 90.08212
12.27864 10.44642 90.08212
12.22247 9.630578 90.08212
12.16631 8.814741 90.08212
12.11014 7.998904 90.08212
12.05398 7.183066 90.08212
11.99781 6.367229 90.08212
11.94165 5.551392 90.08212
11.88548 4.735555 90.08212
11.82932 3.919713 90.08212
11.77394 3.10383 90.08212
11.73288 2.287093 90.08212
11.69183 1.470356 90.08212
11.65077 0.6536184 90.08212
11.60972 -0.1631185 90.08212
11.56866 -0.9798556 90.08212
11.52761 -1.796596 90.08212
11.48655 -2.613334 90.08212
11.4455 -3.430071 90.08212
11.40444 -4.246808 90.08212
11.36339 -5.063545 90.08212
11.34506 -5.881104 90.08212
11.32702 -6.698673 90.08212
11.30898 -7.516246 90.08212
11.29093 -8.333816 90.08212
11.27289 -9.151384 90.08211
11.25485 -9.968953 90.08211
11.23681 -10.78652 90.08211
11.21877 -11.60409 90.08211
11.20072 -12.42166 90.08211
11.20883 -13.23931 90.08211
11.2224 -14.05696 90.08211
11.23598 -14.87462 90.08211
11.24955 -15.69227 90.08211
11.26313 -16.50993 90.08211
11.2767 -17.32758 90.08211
11.29028 -18.14524 90.08211
11.30385 -18.9629 90.08211
11.31743 -19.78055 90.08211
11.331 -20.59821 90.08211
11.34458 -21.41586 90.08211
11.35815 -22.23352 90.08211
11.39393 -23.05034 90.08211
11.44158 -23.86672 90.08211
11.48924 -24.6831 90.08211
11.52816 -25.49973 90.08211
11.52816 -26.3175 90.08211
11.52816 -27.13527 90.08211
11.52816 -27.95304 90.0821
11.52816 -28.77082 90.0821
11.52816 -29.58858 90.0821
11.49898 -30.40562 90.0821
11.45793 -31.22235 90.0821
11.41687 -32.03909 90.0821
11.37582 -32.85583 90.0821
11.30978 -33.67075 90.0821
11.23224 -34.48484 90.0821
11.09779 -35.28981 90.0821
10.91737 -36.08743 90.0821
10.73695 -36.88504 90.0821
10.51167 -37.67085 90.0821
10.27406 -38.4533 90.0821
Stroke End
10.53649 15.20244 90.08212
10.36683 14.73367 90.08212
10.19717 14.2649 90.08212
10.02751 13.79613 90.08212
9.857852 13.32735 90.08212
9.693545 12.8569 90.08212
9.56534 12.37514 90.08212
9.437134 11.89338 90.08212
9.308928 11.41162 90.08212
9.139689 10.9429 90.08212
8.966202 10.47553 90.08212
8.792715 10.00817 90.08212
8.619228 9.540797 90.08212
8.445742 9.073429 90.08212
8.272254 8.60606 90.08212
8.098767 8.138692 90.08212
7.913648 7.676241 90.08212
7.699305 7.226143 90.08212
7.484962 6.776046 90.08212
7.270618 6.325947 90.08212
7.056276 5.87585 90.08212
6.841933 5.425752 90.08212
6.62759 4.975654 90.08212
6.413247 4.525557 90.08212
6.175471 4.087985 90.08212
5.92029 3.659717 90.08212
5.665109 3.23145 90.08212
5.409927 2.803182 90.08212
5.154746 2.374914 90.08212
4.899564 1.946647 90.08212
4.644382 1.518378 90.08212
4.389201 1.090111 90.08212
4.13402 0.6618435 90.08212
3.866042 0.2415185 90.08212
3.595445 -0.1771777 90.08212
3.324846 -0.5958755 90.08212
3.054248 -1.014572 90.08212
2.78365 -1.433269 90.08212
2.513051 -1.851967 90.08212
2.242453 -2.270663 90.08212
1.971855 -2.689361 90.08212
1.701256 -3.108059 90.08212
1.416149 -3.516825 90.08212
1.123836 -3.920663 90.08212
0.8315228 -4.3245 90.08212
0.5392107 -4.728335 90.08212
0.2468974 -5.132173 90.08212
-0.04541475 -5.536008 90.08212
-0.337728 -5.939845 90.08212
-0.6300414 -6.343683 90.08212
-0.9223534 -6.747518 90.08212
-1.214667 -7.151355 90.08212
-1.527669 -7.538425 90.08212
-1.862147 -7.908095 90.08212
-2.196626 -8.277764 90.08212
-2.531103 -8.647433 90.08212
-2.865582 -9.017102 90.08212
-3.200061 -9.386772 90.08212
-3.534538 -9.75644 90.08212
-3.869016 -10.12611 90.08212
-4.203496 -10.49578 90.08212
-4.537972 -10.86545 90.08212
-4.872451 -11.23512 90.08212
-5.206928 -11.60479 90.08212
-5.541406 -11.97446 90.08212
-5.875883 -12.34413 90.08212
-6.210363 -12.7138 90.08212
-6.54484 -13.08347 90.08212
-6.879317 -13.45313 90.08211
-7.213796 -13.82281 90.08211
-7.548274 -14.19247 90.08211
-7.882751 -14.56214 90.08211
-8.217227 -14.93181 90.08211
-8.562601 -15.29099 90.08211
-8.91932 -15.63925 90.08211
-9.276039 -15.9875 90.08211
-9.632761 -16.33576 90.08211
-9.98948 -16.68402 90.08211
-10.3462 -17.03227 90.08211
-10.70292 -17.38053 90.08211
-11.05964 -17.72878 90.08211
-11.41636 -18.07704 90.08211
-11.77308 -18.42529 90.08211
-12.1298 -18.77355 90.08211
-12.48652 -19.1218 90.08211
-12.84324 -19.47006 90.08211
-13.19996 -19.81831 90.08211
-13.55862 -20.16455 90.08211
-13.91864 -20.5094 90.08211
-14.27866 -20.85424 90.08211
-14.64242 -21.19487 90.08211
-15.02792 -21.51097 90.08211
-15.41341 -21.82708 90.08211
-15.79891 -22.14319 90.08211
-16.1844 -22.45929 90.08211
-16.5699 -22.7754 90.08211
-16.9554 -23.09151 90.08211
-17.36062 -23.37991 90.08211
-17.78546 -23.64077 90.08211
-18.21029 -23.90162 90.08211
Stroke End
13.18094 12.3711 90.08212
13.37158 11.91958 90.08212
13.56223 11.46806 90.08212
13.75288 11.01654 90.08212
13.91739 10.55489 90.08212
14.08097 10.09287 90.08212
14.24454 9.630858 90.08212
14.40812 9.168843 90.08212
14.5931 8.715798 90.08212
14.80777 8.275191 90.08212
15.02243 7.834585 90.08212
15.2371 7.393978 90.08212
15.45176 6.953372 90.08212
15.66847 6.513976 90.08212
15.95245 6.114517 90.08212
16.23644 5.715057 90.08212
16.52043 5.315598 90.08212
16.81028 4.920388 90.08212
17.10134 4.526058 90.08212
17.3924 4.131728 90.08212
17.68347 3.737397 90.08212
17.97453 3.343067 90.08212
18.2656 2.948736 90.08212
18.55667 2.554405 90.08212
18.84773 2.160076 90.08212
19.13916 1.766024 90.08212
19.4438 1.382082 90.08212
19.74843 0.9981388 90.08212
20.05307 0.6141957 90.08212
20.3577 0.2302534 90.08212
20.66234 -0.1536898 90.08212
20.96698 -0.5376323 90.08212
21.27161 -0.9215755 90.08212
21.57625 -1.305518 90.08212
21.88089 -1.689461 90.08212
22.18552 -2.073404 90.08212
22.49016 -2.457347 90.08212
22.79479 -2.841289 90.08212
23.09943 -3.225232 90.08212
23.40407 -3.609175 90.08212
23.7087 -3.993119 90.08212
24.01935 -4.372157 90.08212
24.33462 -4.747409 90.08212
24.6499 -5.122662 90.08212
24.96518 -5.497915 90.08211
25.28046 -5.873168 90.08211
25.59574 -6.248422 90.08211
25.91102 -6.623674 90.08211
26.21842 -7.00536 90.08211
26.52319 -7.389197 90.08211
26.82796 -7.773034 90.08211
27.13273 -8.156872 90.08211
27.4375 -8.540707 90.08211
27.74227 -8.924544 90.08211
28.04704 -9.308381 90.08211
28.35181 -9.692219 90.08211
28.65658 -10.07606 90.08211
28.96135 -10.45989 90.08211
29.26612 -10.84373 90.08211
29.57171 -11.2269 90.08211
29.88558 -11.60332 90.08211
30.19946 -11.97975 90.08211
30.51334 -12.35618 90.08211
30.82722 -12.7326 90.08211
31.14109 -13.10903 90.08211
31.45497 -13.48545 90.08211
31.76884 -13.86188 90.08211
32.08272 -14.23831 90.08211
32.3966 -14.61473 90.08211
32.71048 -14.99116 90.08211
33.02435 -15.36758 90.08211
33.33823 -15.74401 90.08211
33.65976 -16.11387 90.08211
33.98432 -16.48112 90.08211
34.30888 -16.84837 90.08211
34.63345 -17.21562 90.08211
34.95801 -17.58287 90.08211
35.28258 -17.95013 90.08211
35.60714 -18.31738 90.08211
35.93171 -18.68463 90.08211
36.25627 -19.05188 90.08211
36.58083 -19.41913 90.08211
36.90618 -19.78562 90.08211
37.26669 -20.11765 90.08211
37.6272 -20.44969 90.08211
37.98771 -20.78172 90.08211
38.34822 -21.11376 90.08211
38.70873 -21.44579 90.08211
39.06924 -21.77783 90.08211
39.42975 -22.10986 90.0821
39.79026 -22.4419 90.0821
40.15077 -22.77393 90.0821
40.51129 -23.10597 90.0821
40.8718 -23.438 90.0821
41.23231 -23.77004 90.0821
41.57757 -24.11753 90.0821
41.91437 -24.47359 90.0821
42.25118 -24.82965 90.0821
42.58799 -25.1857 90.0821
42.92479 -25.54176 90.0821
Stroke End
