3
-2.851049 36.93992 90.08213
-3.070529 35.96965 90.08213
-3.268699 34.99486 90.08213
-3.430179 34.01326 90.08213
-3.591659 33.03167 90.08213
-3.696087 32.04242 90.08213
-3.799381 31.05301 90.08212
-3.931718 30.06739 90.08212
-4.08505 29.08449 90.08212
-4.238381 28.10159 90.08212
-4.375578 27.11633 90.08212
-4.510691 26.13077 90.08212
-4.645803 25.1452 90.08212
-4.856284 24.17357 90.08212
-5.082478 23.20484 90.08212
-5.308672 22.23612 90.08212
-5.50302 21.26056 90.08212
-5.694013 20.28428 90.08212
-5.885006 19.308 90.08212
-6.071805 18.33093 90.08212
-6.253338 17.35285 90.08212
-6.43487 16.37477 90.08212
-6.616402 15.39669 90.08212
-6.820347 14.4231 90.08212
-7.029847 13.45063 90.08212
-7.239346 12.47815 90.08212
-7.448845 11.50568 90.08212
-7.714648 10.54736 90.08212
-7.98986 9.591399 90.08212
-8.265073 8.635441 90.08212
-8.540284 7.679484 90.08212
-8.863955 6.739563 90.08212
-9.213378 5.808168 90.08212
-9.562803 4.876771 90.08212
-9.912227 3.945378 90.08212
-10.32096 3.039782 90.08212
-10.76416 2.14918 90.08212
-11.19402 1.252158 90.08212
-11.61429 0.350508 90.08212
-12.03456 -0.5511419 90.08212
-12.45516 -1.452636 90.08212
-12.87682 -2.35363 90.08212
-13.29849 -3.254627 90.08212
-13.70506 -4.162186 90.08212
-14.07621 -5.085136 90.08212
-14.44736 -6.00809 90.08212
-14.87807 -6.903373 90.08212
-15.34419 -7.782189 90.08212
-15.81032 -8.661008 90.08212
-16.32171 -9.51326 90.08212
-16.8675 -10.34494 90.08212
-17.45947 -11.14333 90.08212
-18.04355 -11.94767 90.08212
-17.93281 -12.74569 90.08212
-16.98253 -13.03214 90.08212
-16.01772 -13.2745 90.08212
-15.06365 -13.55392 90.08212
-14.11857 -13.86445 90.08212
-13.17349 -14.17498 90.08211
-12.23046 -14.49151 90.08211
-11.29201 -14.82152 90.08211
-10.35981 -15.16803 90.08211
-9.438198 -15.5425 90.08211
-8.516592 -15.91698 90.08211
-7.594983 -16.29146 90.08211
-6.673376 -16.66593 90.08211
-5.751762 -17.04041 90.08211
-4.834307 -17.42456 90.08211
-3.927871 -17.8344 90.08211
-3.020992 -18.24326 90.08211
-2.11293 -18.64948 90.08211
-1.204867 -19.0557 90.08211
-0.2967985 -19.46192 90.08211
0.6054386 -19.88064 90.08211
1.500429 -20.3149 90.08211
2.395427 -20.74917 90.08211
3.290418 -21.18343 90.08211
4.154223 -21.67461 90.08211
5.001963 -22.19513 90.08211
5.849696 -22.71565 90.08211
6.695682 -23.23896 90.08211
7.531768 -23.77799 90.08211
8.367854 -24.31701 90.08211
9.203947 -24.85605 90.08211
10.05292 -25.37414 90.08211
10.91076 -25.87782 90.08211
11.76861 -26.38151 90.08211
12.61674 -26.90106 90.08211
13.45552 -27.43589 90.08211
14.29431 -27.97072 90.08211
15.1067 -28.54473 90.08211
15.91764 -29.1209 90.0821
16.72647 -29.69993 90.0821
17.51511 -30.30626 90.0821
18.30374 -30.9126 90.0821
19.09113 -31.52057 90.0821
19.87793 -32.12928 90.0821
20.627 -32.78204 90.0821
21.3834 -33.42758 90.0821
22.14371 -34.06823 90.0821
Stroke End
12.76774 11.91443 90.08212
12.60778 11.20724 90.08212
12.47116 10.49567 90.08212
12.36304 9.778728 90.08212
12.25257 9.062167 90.08212
12.12943 8.347652 90.08212
12.00628 7.633138 90.08212
11.85924 6.923627 90.08212
11.68553 6.219695 90.08212
11.51183 5.515763 90.08212
11.32529 4.815199 90.08212
11.13083 4.116715 90.08212
10.92269 3.422199 90.08212
10.71333 2.728035 90.08212
10.50397 2.033873 90.08212
10.29461 1.339709 90.08212
10.08525 0.6455451 90.08212
9.861224 -0.04375725 90.08212
9.614477 -0.7255276 90.08212
9.36773 -1.407297 90.08212
9.119575 -2.088519 90.08212
8.840177 -2.757571 90.08212
8.564734 -3.428225 90.08212
8.300074 -4.103242 90.08212
8.035412 -4.77826 90.08212
7.77075 -5.453278 90.08212
7.498933 -6.125277 90.08212
7.200082 -6.785869 90.08212
6.901231 -7.44646 90.08212
6.602379 -8.107052 90.08212
6.270773 -8.749703 90.08212
5.875009 -9.35721 90.08212
5.479244 -9.964718 90.08211
5.083478 -10.57222 90.08211
4.677038 -11.17254 90.08211
4.262848 -11.76764 90.08211
3.848658 -12.36274 90.08211
3.434469 -12.95783 90.08211
3.030194 -13.55963 90.08211
2.632836 -14.16609 90.08211
2.235479 -14.77256 90.08211
1.838122 -15.37903 90.08211
1.432626 -15.9798 90.08211
0.9985462 -16.56054 90.08211
0.5644674 -17.14129 90.08211
0.1303874 -17.72204 90.08211
-0.3077287 -18.29974 90.08211
-0.7484861 -18.87543 90.08211
-1.189243 -19.45113 90.08211
-1.630001 -20.02683 90.08211
-2.077302 -20.59739 90.08211
-2.531704 -21.16238 90.08211
-2.986106 -21.72737 90.08211
-3.440508 -22.29236 90.08211
-3.899702 -22.85319 90.08211
-4.395821 -23.38192 90.08211
-4.891938 -23.91065 90.08211
-5.388058 -24.43939 90.08211
-5.884178 -24.96812 90.08211
-6.387581 -25.48981 90.08211
-6.899857 -26.0029 90.08211
-7.412132 -26.516 90.08211
-7.924408 -27.0291 90.08211
-8.436684 -27.5422 90.08211
-8.9598 -28.04361 90.08211
-9.509626 -28.51625 90.08211
-10.05945 -28.98889 90.08211
-10.59775 -29.47439 90.08211
-11.12781 -29.96909 90.08211
-11.65788 -30.46379 90.08211
-12.18794 -30.95849 90.08211
-12.718 -31.45319 90.08211
-13.24806 -31.94789 90.08211
-13.77812 -32.44259 90.08211
-14.3503 -32.88394 90.08211
-14.95456 -33.28465 90.08211
-15.55882 -33.68535 90.08211
-16.16308 -34.08605 90.08211
-16.76734 -34.48676 90.08211
-17.36559 -34.89634 90.08211
-17.96215 -35.30843 90.08211
-18.55791 -35.72166 90.08211
-19.15304 -36.1358 90.08211
-19.74817 -36.54994 90.0821
-20.34331 -36.96408 90.0821
-20.94472 -37.36902 90.0821
-21.54754 -37.77187 90.0821
-22.15037 -38.17473 90.0821
-22.7532 -38.57758 90.0821
-23.35603 -38.98043 90.0821
-23.95886 -39.38329 90.0821
-24.58032 -39.75662 90.0821
-25.20437 -40.12572 90.0821
-25.83248 -40.48791 90.0821
-26.46058 -40.85009 90.0821
-27.09288 -41.20435 90.0821
-27.74562 -41.51997 90.0821
-28.39766 -41.83702 90.0821
-29.04555 -42.16251 90.0821
-29.73124 -42.3898 90.0821
Stroke End
-38.30324 0.04101296 90.08212
-37.59124 0.4082382 90.08212
-36.86471 0.7393367 90.08212
-36.09663 0.9670855 90.08212
-35.32856 1.194834 90.08212
-34.56049 1.422583 90.08212
-33.79242 1.650332 90.08212
-33.00358 1.78402 90.08212
-32.21101 1.900812 90.08212
-31.41844 2.017603 90.08212
-30.62201 2.101802 90.08212
-29.82408 2.173308 90.08212
-29.02615 2.244813 90.08212
-28.22822 2.316319 90.08212
-27.43029 2.387824 90.08212
-26.63236 2.45933 90.08212
-25.83443 2.530835 90.08212
-25.0365 2.602341 90.08212
-24.23857 2.673846 90.08212
-23.44064 2.745352 90.08212
-22.64271 2.816857 90.08212
-21.84477 2.888362 90.08212
-21.04684 2.959868 90.08212
-20.24891 3.031374 90.08212
-19.45098 3.102879 90.08212
-18.65302 3.174016 90.08212
-17.85501 3.244581 90.08212
-17.05699 3.315147 90.08212
-16.25934 3.389714 90.08212
-15.46178 3.465264 90.08212
-14.66423 3.540813 90.08212
-13.8666 3.615582 90.08212
-13.06863 3.686705 90.08212
-12.27067 3.757828 90.08212
-11.4727 3.82895 90.08212
-10.67474 3.900073 90.08212
-9.876774 3.971196 90.08212
-9.078809 4.042319 90.08212
-8.280698 4.111773 90.08212
-7.482539 4.180687 90.08212
-6.684382 4.249601 90.08212
-5.886223 4.318516 90.08212
-5.088065 4.38743 90.08212
-4.289906 4.456345 90.08212
-3.49199 4.527724 90.08212
-2.69571 4.615732 90.08212
-1.899431 4.703739 90.08212
-1.103151 4.791747 90.08212
-0.3068718 4.879755 90.08212
0.4894038 4.967762 90.08212
1.285683 5.055769 90.08212
2.083079 5.13293 90.08212
2.880595 5.208915 90.08212
3.678112 5.2849 90.08212
4.475628 5.360885 90.08212
5.273144 5.436871 90.08212
6.070661 5.512856 90.08212
6.870881 5.548267 90.08212
7.671428 5.578777 90.08212
8.471972 5.609287 90.08212
9.272518 5.639797 90.08212
10.07307 5.670308 90.08212
10.87361 5.700818 90.08212
11.6731 5.751688 90.08212
12.47247 5.804696 90.08212
13.27184 5.857704 90.08212
14.07121 5.910712 90.08212
14.87059 5.96372 90.08212
15.67125 5.977715 90.08212
16.47238 5.977715 90.08212
17.27351 5.977715 90.08212
18.07463 5.977715 90.08212
18.87576 5.977715 90.08212
19.67678 5.969485 90.08212
20.4776 5.94736 90.08212
21.27842 5.925235 90.08212
22.07925 5.90311 90.08212
22.87986 5.875854 90.08212
23.67983 5.832724 90.08212
24.47979 5.789594 90.08212
25.27976 5.746465 90.08212
26.07972 5.703257 90.08212
26.87916 5.651282 90.08212
27.67861 5.599307 90.08212
28.47804 5.547333 90.08212
29.27832 5.521045 90.08212
30.07945 5.521046 90.08212
30.88057 5.521046 90.08212
31.68145 5.508419 90.08212
32.48195 5.476818 90.08212
33.28246 5.445217 90.08212
34.08328 5.429702 90.08212
34.88442 5.429699 90.08212
35.68554 5.429698 90.08212
36.48668 5.4297 90.08212
37.28707 5.453569 90.08212
38.0867 5.502672 90.08212
38.88726 5.521045 90.08212
39.68839 5.521046 90.08212
40.48952 5.521046 90.08212
Stroke End
