6
earth
100
-39.37756 -2.698997 90.08212
-39.15117 -2.636449 90.08212
-38.92478 -2.573901 90.08212
-38.69818 -2.512185 90.08212
-38.46917 -2.460074 90.08212
-38.24015 -2.407964 90.08212
-38.01114 -2.355854 90.08212
-37.78212 -2.303743 90.08212
-37.55311 -2.251633 90.08212
-37.32409 -2.199522 90.08212
-37.09508 -2.147412 90.08212
-36.86607 -2.095301 90.08212
-36.63705 -2.043191 90.08212
-36.40804 -1.991081 90.08212
-36.17902 -1.93897 90.08212
-35.95 -1.88686 90.08212
-35.72346 -1.825077 90.08212
-35.49749 -1.761039 90.08212
-35.27152 -1.697001 90.08212
-35.04555 -1.632964 90.08212
-34.81958 -1.568926 90.08212
-34.59361 -1.504888 90.08212
-34.36764 -1.44085 90.08212
-34.14167 -1.376812 90.08212
-33.9157 -1.312774 90.08212
-33.68972 -1.248737 90.08212
-33.46376 -1.184699 90.08212
-33.23779 -1.120661 90.08212
-33.01181 -1.056623 90.08212
-32.78584 -0.9925854 90.08212
-32.55825 -0.9348682 90.08212
-32.32933 -0.8823566 90.08212
-32.10041 -0.8298452 90.08212
-31.87148 -0.7773337 90.08212
-31.64256 -0.7248222 90.08212
-31.41364 -0.6723108 90.08212
-31.18471 -0.6197993 90.08212
-30.95579 -0.5672878 90.08212
-30.72687 -0.5147766 90.08212
-30.49794 -0.4622651 90.08212
-30.26902 -0.4097536 90.08212
-30.0401 -0.3572421 90.08212
-29.81117 -0.3047306 90.08212
-29.58225 -0.2522192 90.08212
-29.35333 -0.1997077 90.08212
-29.1244 -0.1471962 90.08212
-28.89548 -0.09468475 90.08212
-28.66656 -0.0421733 90.08212
-28.43763 0.01033816 90.08212
-28.21009 0.06816944 90.08212
-27.98448 0.1334742 90.08212
-27.75887 0.198779 90.08212
-27.53327 0.2640837 90.08212
-27.30766 0.3293885 90.08212
-27.08205 0.3946932 90.08212
-26.85644 0.459998 90.08212
-26.63084 0.5253027 90.08212
-26.40523 0.5906075 90.08212
-26.17962 0.6559122 90.08212
-25.95401 0.7212167 90.08212
-25.72841 0.7865215 90.08212
-25.5028 0.8518262 90.08212
-25.27719 0.9171309 90.08212
-25.05158 0.9824357 90.08212
-24.82589 1.047413 90.08212
-24.59752 1.102282 90.08212
-24.36915 1.157151 90.08212
-24.14078 1.21202 90.08212
-23.91241 1.266889 90.08212
-23.68404 1.321758 90.08212
-23.45567 1.376627 90.08212
-23.2273 1.431496 90.08212
-22.99893 1.486365 90.08212
-22.77056 1.541234 90.08212
-22.54219 1.596103 90.08212
-22.31382 1.650972 90.08212
-22.08545 1.705841 90.08212
-21.85708 1.76071 90.08212
-21.62871 1.815579 90.08212
-21.40034 1.870448 90.08212
-21.17197 1.925317 90.08212
-20.94416 1.982373 90.08212
-20.71722 2.042912 90.08212
-20.49029 2.103451 90.08212
-20.26336 2.16399 90.08212
-20.03643 2.224529 90.08212
-19.80949 2.285068 90.08212
-19.58256 2.345606 90.08212
-19.35563 2.406145 90.08212
-19.12869 2.466684 90.08212
-18.90176 2.527223 90.08212
-18.67483 2.587762 90.08212
-18.45488 2.6695 90.08212
-18.23642 2.755732 90.08212
-18.01795 2.841965 90.08212
-17.79948 2.928198 90.08212
-17.58102 3.01443 90.08212
-17.36584 3.10824 90.08212
-17.15358 3.208789 90.08212
-16.94132 3.309339 90.08212
Stroke End
-27.80808 26.16251 90.08213
-27.76068 25.66484 90.08213
-27.71328 25.16717 90.08212
-27.66587 24.6695 90.08212
-27.60116 24.17408 90.08212
-27.52001 23.68078 90.08212
-27.46365 23.18474 90.08212
-27.43451 22.68567 90.08212
-27.40538 22.18659 90.08212
-27.37624 21.68752 90.08212
-27.34711 21.18845 90.08212
-27.31797 20.68938 90.08212
-27.31224 20.18963 90.08212
-27.31224 19.6897 90.08212
-27.31224 19.18978 90.08212
-27.31224 18.68986 90.08212
-27.31224 18.18994 90.08212
-27.31224 17.69002 90.08212
-27.31224 17.1901 90.08212
-27.31224 16.69018 90.08212
-27.31224 16.19025 90.08212
-27.31224 15.69033 90.08212
-27.31224 15.19041 90.08212
-27.31224 14.69049 90.08212
-27.32599 14.19082 90.08212
-27.34444 13.69124 90.08212
-27.36289 13.19166 90.08212
-27.38134 12.69208 90.08212
-27.39979 12.1925 90.08212
-27.41824 11.69292 90.08212
-27.43669 11.19334 90.08212
-27.45514 10.69376 90.08212
-27.47359 10.19418 90.08212
-27.48157 9.694349 90.08212
-27.4867 9.194453 90.08212
-27.49184 8.694558 90.08212
-27.49698 8.194663 90.08212
-27.50212 7.694769 90.08212
-27.50726 7.194874 90.08212
-27.5124 6.694978 90.08212
-27.51754 6.195083 90.08212
-27.52268 5.695188 90.08212
-27.52782 5.195294 90.08212
-27.53296 4.695399 90.08212
-27.5381 4.195503 90.08212
-27.54324 3.695608 90.08212
-27.54838 3.195712 90.08212
-27.55352 2.695819 90.08212
-27.55866 2.195924 90.08212
-27.54911 1.696182 90.08212
-27.53352 1.196503 90.08212
-27.51793 0.6968244 90.08212
-27.50234 0.1971475 90.08212
-27.48675 -0.3025311 90.08212
-27.47116 -0.8022098 90.08212
-27.45557 -1.301889 90.08212
-27.43998 -1.801567 90.08212
-27.42439 -2.301244 90.08212
-27.4088 -2.800923 90.08212
-27.39321 -3.300601 90.08212
-27.37762 -3.80028 90.08212
-27.36203 -4.299959 90.08212
-27.34644 -4.799636 90.08212
-27.33085 -5.299314 90.08212
-27.31526 -5.798993 90.08212
-27.29402 -6.298456 90.08212
-27.27142 -6.797865 90.08212
-27.24883 -7.297277 90.08212
-27.22624 -7.796687 90.08212
-27.20364 -8.296096 90.08212
-27.18105 -8.795508 90.08212
-27.15845 -9.294918 90.08212
-27.14696 -9.794581 90.08212
-27.14696 -10.2945 90.08212
-27.14696 -10.79442 90.08212
-27.14696 -11.29434 90.08212
-27.14696 -11.79426 90.08212
-27.14696 -12.29419 90.08212
-27.14696 -12.79411 90.08212
-27.15197 -13.29396 90.08212
-27.16567 -13.7937 90.08212
-27.17938 -14.29343 90.08212
-27.19308 -14.79316 90.08212
-27.20678 -15.2929 90.08212
-27.22048 -15.79263 90.08212
-27.23967 -16.29212 90.08212
-27.26977 -16.79114 90.08212
-27.29987 -17.29015 90.08211
-27.33269 -17.78899 90.08211
-27.3674 -18.2877 90.08211
-27.40211 -18.78642 90.08211
-27.43682 -19.28514 90.08211
-27.47153 -19.78385 90.08211
-27.54276 -20.27839 90.08211
-27.62158 -20.77205 90.08211
-27.70041 -21.26573 90.08211
-27.81695 -21.75116 90.08211
-27.95103 -22.23277 90.08211
-28.07218 -22.71713 90.08211
-28.14673 -23.21146 90.08211
Stroke End
-38.96436 -30.92119 90.08211
-38.74424 -30.75393 90.08211
-38.52412 -30.58668 90.08211
-38.304 -30.41943 90.08211
-38.08389 -30.25217 90.08211
-37.86377 -30.08492 90.08211
-37.64365 -29.91766 90.08211
-37.40345 -29.78085 90.08211
-37.16311 -29.64424 90.08211
-36.92277 -29.50763 90.08211
-36.68243 -29.37102 90.08211
-36.44209 -29.23441 90.08211
-36.20175 -29.0978 90.08211
-35.96141 -28.96119 90.08211
-35.72107 -28.82459 90.08211
-35.48072 -28.68798 90.08211
-35.24038 -28.55137 90.08211
-35.00005 -28.41476 90.08211
-34.7597 -28.27815 90.08211
-34.52949 -28.12515 90.08211
-34.29971 -27.97144 90.08211
-34.06993 -27.81773 90.08211
-33.84015 -27.66402 90.08211
-33.61037 -27.51031 90.08211
-33.38059 -27.3566 90.08211
-33.15081 -27.20289 90.08211
-32.92103 -27.04918 90.08211
-32.69125 -26.89547 90.08211
-32.46147 -26.74176 90.08211
-32.23169 -26.58805 90.08211
-32.00191 -26.43434 90.08211
-31.77213 -26.28063 90.08211
-31.53946 -26.13158 90.08211
-31.29977 -25.99383 90.08211
-31.06008 -25.85608 90.08211
-30.82039 -25.71833 90.08211
-30.58071 -25.58058 90.08211
-30.34102 -25.44283 90.08211
-30.10133 -25.30508 90.08211
-29.86164 -25.16733 90.08211
-29.62196 -25.02958 90.08211
-29.38233 -24.89171 90.08211
-29.14274 -24.7538 90.08211
-28.90315 -24.61588 90.08211
-28.66355 -24.47796 90.08211
-28.42396 -24.34005 90.08211
-28.18437 -24.20213 90.08211
-27.94478 -24.06421 90.08211
-27.70518 -23.9263 90.08211
-27.46559 -23.78838 90.08211
-27.226 -23.65047 90.08211
-26.98641 -23.51255 90.08211
-26.74681 -23.37463 90.08211
-26.50722 -23.23672 90.08211
-26.26763 -23.0988 90.08211
-26.02804 -22.96088 90.08211
-25.78844 -22.82297 90.08211
-25.54831 -22.68603 90.08211
-25.3041 -22.55647 90.08211
-25.05988 -22.42691 90.08211
-24.81567 -22.29735 90.08211
-24.57146 -22.1678 90.08211
-24.32724 -22.03824 90.08211
-24.08303 -21.90868 90.08211
-23.83882 -21.77913 90.08211
-23.5946 -21.64957 90.08211
-23.35039 -21.52001 90.08211
-23.10617 -21.39046 90.08211
-22.86196 -21.2609 90.08211
-22.61775 -21.13134 90.08211
-22.37353 -21.00178 90.08211
-22.12932 -20.87223 90.08211
-21.8851 -20.74267 90.08211
-21.64089 -20.61311 90.08211
-21.3959 -20.48507 90.08211
-21.14777 -20.36319 90.08211
-20.89964 -20.2413 90.08211
-20.6515 -20.11942 90.08211
-20.40337 -19.99753 90.08211
-20.15524 -19.87565 90.08211
-19.90711 -19.75377 90.08211
-19.65897 -19.63188 90.08211
-19.41084 -19.51 90.08211
-19.16271 -19.38811 90.08211
-18.91458 -19.26623 90.08211
-18.66644 -19.14434 90.08211
-18.41959 -19.02 90.08211
-18.17763 -18.88629 90.08211
-17.93566 -18.75258 90.08211
-17.6937 -18.61887 90.08211
-17.45173 -18.48516 90.08211
-17.20976 -18.35145 90.08211
-16.9678 -18.21774 90.08211
-16.72946 -18.07796 90.08211
-16.49711 -17.92817 90.08211
-16.26476 -17.77837 90.08211
-16.03242 -17.62857 90.08211
-15.80282 -17.47514 90.08211
-15.59571 -17.29202 90.08211
-15.38684 -17.11109 90.08211
Stroke End
-19.29624 -6.991693 90.08212
-18.53077 -6.766096 90.08212
-17.76756 -6.533175 90.08212
-17.00803 -6.288336 90.08212
-16.2485 -6.043496 90.08212
-15.49174 -5.790262 90.08212
-14.73582 -5.53451 90.08212
-13.97989 -5.278758 90.08212
-13.22397 -5.023007 90.08212
-12.46804 -4.767255 90.08212
-11.71292 -4.50916 90.08212
-10.95894 -4.247727 90.08212
-10.20496 -3.986294 90.08212
-9.450974 -3.724861 90.08212
-8.696994 -3.463429 90.08212
-7.943014 -3.201996 90.08212
-7.208866 -2.890181 90.08212
-6.478989 -2.567515 90.08212
-5.749113 -2.244848 90.08212
-5.019237 -1.922182 90.08212
-4.28936 -1.599516 90.08212
-3.559483 -1.276849 90.08212
-2.829391 -0.954686 90.08212
-2.092182 -0.6491421 90.08212
-1.354972 -0.3435982 90.08212
-0.6177642 -0.0380549 90.08212
0.118684 0.2693117 90.08212
0.8541704 0.5789759 90.08212
1.589658 0.8886409 90.08212
2.325145 1.198305 90.08212
3.060633 1.50797 90.08212
3.796119 1.817634 90.08212
4.531608 2.1273 90.08212
5.267095 2.436965 90.08212
6.002582 2.746629 90.08212
6.73807 3.056294 90.08212
7.473556 3.365958 90.08212
8.209044 3.675623 90.08212
8.953122 3.963507 90.08212
9.701941 4.239379 90.08212
10.45076 4.515249 90.08212
11.19953 4.791251 90.08212
11.92835 5.116279 90.08212
12.65718 5.441308 90.08212
13.38601 5.766334 90.08212
14.11484 6.091362 90.08212
14.84367 6.416391 90.08212
15.57249 6.74142 90.08212
16.31211 7.039918 90.08212
17.06093 7.315783 90.08212
17.80975 7.591649 90.08212
18.55857 7.867515 90.08212
19.30739 8.14338 90.08212
20.05621 8.419245 90.08212
20.8126 8.672847 90.08212
21.57446 8.910341 90.08212
22.33632 9.147836 90.08212
23.09818 9.385331 90.08212
23.86487 9.605344 90.08212
24.64054 9.792876 90.08212
25.41621 9.980409 90.08212
26.19188 10.16794 90.08212
26.97469 10.32277 90.08212
27.76012 10.45307 90.08212
28.55814 10.45307 90.08212
29.1303 10.04015 90.08212
29.1303 9.242135 90.08212
29.08095 8.446348 90.08212
29.00904 7.651576 90.08212
28.90528 6.861364 90.08212
28.75127 6.078348 90.08212
28.59726 5.295336 90.08212
28.40714 4.520666 90.08212
28.20191 3.749487 90.08212
27.99668 2.978309 90.08212
27.79145 2.20713 90.08212
27.58364 1.436652 90.08212
27.37459 0.6665 90.08212
27.14922 -0.09860605 90.08212
26.88694 -0.8522918 90.08212
26.62466 -1.605974 90.08212
26.36238 -2.35966 90.08212
26.10009 -3.113346 90.08212
25.85332 -3.872122 90.08212
25.61775 -4.634582 90.08212
25.38218 -5.39704 90.08211
25.14661 -6.159499 90.08211
24.91105 -6.921951 90.08211
24.62541 -7.666155 90.08211
24.31499 -8.401325 90.08211
24.00458 -9.136495 90.08211
23.69416 -9.871665 90.08211
23.39568 -10.61176 90.08211
23.09794 -11.35215 90.08211
22.8002 -12.09255 90.08211
22.46713 -12.81708 90.08211
22.1116 -13.53152 90.08211
21.75184 -14.24355 90.08211
21.31868 -14.91378 90.08211
20.90921 -15.59576 90.08211
Stroke End
8.966343 35.38723 90.08213
9.0825 34.87373 90.08213
9.198658 34.36022 90.08213
9.247168 33.83667 90.08213
9.285177 33.31156 90.08213
9.323187 32.78645 90.08212
9.361197 32.26134 90.08212
9.394456 31.73593 90.08212
9.423283 31.21024 90.08212
9.452109 30.68454 90.08212
9.480936 30.15885 90.08212
9.509763 29.63316 90.08212
9.538589 29.10747 90.08212
9.563472 28.58158 90.08212
9.587266 28.05563 90.08212
9.61106 27.52969 90.08212
9.634854 27.00374 90.08212
9.658649 26.4778 90.08212
9.682444 25.95185 90.08212
9.706238 25.42591 90.08212
9.691118 24.89992 90.08212
9.668455 24.37393 90.08212
9.645792 23.84793 90.08212
9.63022 23.32188 90.08212
9.64465 22.7956 90.08212
9.659079 22.26931 90.08212
9.673509 21.74303 90.08212
9.687938 21.21675 90.08212
9.702367 20.69046 90.08212
9.716797 20.16418 90.08212
9.731226 19.63789 90.08212
9.745655 19.11161 90.08212
9.760085 18.58532 90.08212
9.774514 18.05904 90.08212
9.788943 17.53275 90.08212
9.768282 17.00709 90.08212
9.735113 16.48166 90.08212
9.701944 15.95622 90.08212
9.668775 15.43078 90.08212
9.635606 14.90535 90.08212
9.602437 14.37991 90.08212
9.569268 13.85447 90.08212
9.537004 13.32898 90.08212
9.50728 12.80334 90.08212
9.477555 12.2777 90.08212
9.447831 11.75205 90.08212
9.418107 11.22641 90.08212
9.388383 10.70077 90.08212
9.358658 10.17513 90.08212
9.328934 9.649485 90.08212
9.29921 9.123841 90.08212
9.258812 8.598921 90.08212
9.217516 8.074059 90.08212
9.17622 7.549199 90.08212
9.134924 7.024337 90.08212
9.105365 6.498698 90.08212
9.076825 5.97299 90.08212
9.048285 5.447281 90.08212
9.019745 4.921574 90.08212
8.991205 4.395864 90.08212
8.962665 3.870157 90.08212
8.934125 3.34445 90.08212
8.905584 2.818738 90.08212
8.874468 2.293198 90.08212
8.834884 1.768206 90.08212
8.7953 1.243215 90.08212
8.755714 0.7182238 90.08212
8.71613 0.1932285 90.08212
8.676546 -0.3317626 90.08212
8.636962 -0.856754 90.08212
8.597378 -1.381745 90.08212
8.557793 -1.906741 90.08212
8.524535 -2.432165 90.08212
8.492118 -2.957648 90.08212
8.4597 -3.48313 90.08212
8.427282 -4.008613 90.08212
8.394865 -4.534099 90.08212
8.362448 -5.059581 90.08212
8.33003 -5.585064 90.08212
8.295664 -6.110411 90.08212
8.254954 -6.63532 90.08212
8.214245 -7.160225 90.08212
8.173535 -7.685131 90.08211
8.132827 -8.210036 90.08211
8.092117 -8.734941 90.08211
8.050196 -9.259747 90.08211
8.001132 -9.783937 90.08211
7.952068 -10.30813 90.08211
7.903004 -10.83232 90.08211
7.85394 -11.35651 90.08211
7.803178 -11.88051 90.08211
7.735686 -12.40265 90.08211
7.668195 -12.92479 90.08211
7.600704 -13.44693 90.08211
7.561477 -13.97089 90.08211
7.561477 -14.49737 90.08211
7.561478 -15.02385 90.08211
7.561479 -15.55033 90.08211
7.561479 -16.07681 90.08211
7.561479 -16.6033 90.08211
Stroke End
-6.983011 8.717734 90.08212
-7.137746 7.691634 90.08212
-7.292482 6.665534 90.08212
-7.447217 5.639433 90.08212
-7.525459 4.60542 90.08212
-7.584048 3.569374 90.08212
-7.642638 2.533327 90.08212
-7.68836 1.496635 90.08212
-7.733747 0.4599265 90.08212
-7.779135 -0.576782 90.08212
-7.824522 -1.613491 90.08212
-7.86991 -2.650199 90.08212
-7.89204 -3.687418 90.08212
-7.892041 -4.725119 90.08212
-7.892041 -5.762821 90.08212
-7.892041 -6.800522 90.08212
-7.892041 -7.838224 90.08212
-7.884128 -8.875716 90.08212
-7.828976 -9.91195 90.08212
-7.773823 -10.94819 90.08212
-7.715315 -11.9842 90.08212
-7.637293 -13.01897 90.08212
-7.559272 -14.05373 90.08211
-7.48125 -15.0885 90.08211
-7.35839 -16.11887 90.08211
-7.234104 -17.1491 90.08211
-7.098779 -18.17781 90.08211
-6.938832 -19.20311 90.08211
-6.778885 -20.22841 90.08211
-6.546479 -21.23873 90.08211
-6.286754 -22.2434 90.08211
-6.027029 -23.24808 90.08211
-5.767307 -24.25275 90.08211
-5.456938 -25.23901 90.08211
-5.01078 -26.1759 90.08211
-4.526948 -27.09252 90.08211
-3.990964 -27.98108 90.08211
-3.424761 -28.8506 90.08211
-2.793368 -29.67275 90.08211
-2.075069 -30.41809 90.08211
-1.26396 -31.06503 90.08211
-0.449467 -31.70802 90.08211
0.4888121 -32.13361 90.08211
1.457407 -32.50597 90.0821
2.463548 -32.75354 90.0821
3.476794 -32.97751 90.0821
4.497877 -33.16136 90.0821
5.52913 -33.27062 90.0821
6.563105 -33.35852 90.0821
7.599588 -33.3872 90.0821
8.637289 -33.3872 90.0821
9.67487 -33.39432 90.0821
10.71199 -33.42905 90.0821
11.74911 -33.46378 90.0821
12.78623 -33.49852 90.0821
13.82335 -33.53326 90.0821
14.86047 -33.568 90.0821
15.89782 -33.5951 90.0821
16.93518 -33.62176 90.0821
17.97254 -33.64842 90.0821
19.00979 -33.67875 90.0821
20.04694 -33.71246 90.0821
21.0841 -33.74617 90.0821
22.12012 -33.70092 90.0821
23.15587 -33.63733 90.0821
24.19163 -33.57374 90.0821
25.2246 -33.47527 90.0821
26.25741 -33.37454 90.0821
27.28971 -33.26916 90.0821
28.32021 -33.14714 90.0821
29.35071 -33.02512 90.0821
30.38249 -32.91445 90.0821
31.41431 -32.80409 90.0821
32.44522 -32.68582 90.0821
33.47518 -32.55933 90.0821
34.50289 -32.41747 90.0821
35.52591 -32.24352 90.0821
36.54837 -32.06643 90.0821
37.55947 -31.83451 90.0821
38.42268 -31.29648 90.0821
38.79823 -30.32983 90.0821
39.10381 -29.34107 90.0821
39.29603 -28.32132 90.0821
39.47961 -27.30021 90.0821
39.61264 -26.27107 90.0821
39.74567 -25.24194 90.0821
39.84028 -24.20892 90.0821
39.91519 -23.17393 90.0821
39.9888 -22.13884 90.0821
40.06085 -21.10364 90.08211
40.11743 -20.06808 90.08211
40.09336 -19.03067 90.08211
40.06929 -17.99324 90.08211
40.04522 -16.95581 90.08211
39.98997 -15.91976 90.08211
39.91592 -14.88473 90.08211
39.83453 -13.85022 90.08211
39.74528 -12.8164 90.08211
39.64689 -11.78337 90.08211
39.49371 -10.75746 90.08211
Stroke End
