4
-32.27059 8.169717 90.08212
-32.30473 7.943299 90.08212
-32.33888 7.716881 90.08212
-32.36245 7.4893 90.08212
-32.37834 7.260874 90.08212
-32.39424 7.032449 90.08212
-32.41014 6.804023 90.08212
-32.42604 6.575598 90.08212
-32.44051 6.347085 90.08212
-32.45268 6.118431 90.08212
-32.46486 5.889777 90.08212
-32.47702 5.661122 90.08212
-32.48919 5.432468 90.08212
-32.50137 5.203814 90.08212
-32.51353 4.975159 90.08212
-32.52961 4.746769 90.08212
-32.54838 4.518562 90.08212
-32.56715 4.290355 90.08212
-32.58591 4.062147 90.08212
-32.60426 3.833907 90.08212
-32.62079 3.605527 90.08212
-32.63733 3.377146 90.08212
-32.65385 3.148766 90.08212
-32.67039 2.920385 90.08212
-32.68692 2.692005 90.08212
-32.70345 2.463624 90.08212
-32.71998 2.235244 90.08212
-32.73651 2.006864 90.08212
-32.75304 1.778483 90.08212
-32.77113 1.550244 90.08212
-32.79585 1.322604 90.08212
-32.82057 1.094964 90.08212
-32.84528 0.8673239 90.08212
-32.87 0.6396837 90.08212
-32.89472 0.4120439 90.08212
-32.91944 0.1844038 90.08212
-32.94415 -0.04323637 90.08212
-32.96887 -0.2708757 90.08212
-32.99359 -0.4985158 90.08212
-33.02244 -0.725466 90.08212
-33.07296 -0.9488018 90.08212
-33.12348 -1.172138 90.08212
-33.174 -1.395473 90.08212
-33.22452 -1.618808 90.08212
-33.27504 -1.842144 90.08212
-33.32555 -2.06548 90.08212
-33.37607 -2.288816 90.08212
-33.42659 -2.512151 90.08212
-33.47711 -2.735487 90.08212
-33.52763 -2.958822 90.08212
-33.57814 -3.182158 90.08212
-33.62866 -3.405494 90.08212
-33.67918 -3.628829 90.08212
-33.7297 -3.852165 90.08212
-33.78705 -4.0737 90.08212
-33.85317 -4.292924 90.08212
-33.91929 -4.512149 90.08212
-33.9854 -4.731372 90.08212
-34.05153 -4.950597 90.08212
-34.11765 -5.169821 90.08212
-34.18376 -5.389045 90.08212
-34.24988 -5.60827 90.08212
-34.316 -5.827493 90.08212
-34.38212 -6.046718 90.08212
-34.44823 -6.265942 90.08212
-34.51435 -6.485167 90.08212
-34.58047 -6.704392 90.08212
-34.64659 -6.923616 90.08212
-34.7127 -7.142841 90.08212
-34.79303 -7.356575 90.08212
-34.89148 -7.563309 90.08212
-34.98993 -7.770041 90.08212
-35.08838 -7.976776 90.08212
-35.18682 -8.183509 90.08212
-35.28527 -8.390242 90.08212
-35.38372 -8.596976 90.08212
-35.48217 -8.803709 90.08212
-35.58111 -9.010194 90.08212
-35.69036 -9.21143 90.08212
-35.79961 -9.412664 90.08212
-35.90886 -9.613901 90.08212
-36.0181 -9.815136 90.08212
-36.12735 -10.01637 90.08212
-36.2366 -10.21761 90.08212
-36.34488 -10.41936 90.08212
-36.45004 -10.62276 90.08212
-36.55521 -10.82616 90.08212
-36.66037 -11.02956 90.08212
-36.76553 -11.23296 90.08212
-36.8707 -11.43635 90.08212
-36.97586 -11.63976 90.08212
-37.08266 -11.8423 90.08212
-37.18954 -12.0448 90.08212
-37.29642 -12.24731 90.08212
-37.4033 -12.44981 90.08212
-37.51019 -12.65231 90.08212
-37.61834 -12.85413 90.08212
-37.72758 -13.05537 90.08212
-37.83683 -13.2566 90.08212
-37.94608 -13.45784 90.08212
Stroke End
-20.53583 6.799711 90.08212
-20.32852 6.012363 90.08212
-20.04013 5.247432 90.08212
-19.72216 4.494323 90.08212
-19.40075 3.742714 90.08212
-19.0638 2.997901 90.08212
-18.72684 2.253087 90.08212
-18.38989 1.508276 90.08212
-18.04209 0.7684993 90.08212
-17.69061 0.03042958 90.08212
-17.31899 -0.6971633 90.08212
-16.91659 -1.408751 90.08212
-16.52624 -2.126772 90.08212
-16.15909 -2.857172 90.08212
-15.78339 -3.582535 90.08212
-15.32239 -4.257634 90.08212
-14.86138 -4.932733 90.08212
-14.40038 -5.607831 90.08212
-13.93937 -6.28293 90.08212
-13.47837 -6.95803 90.08212
-13.01737 -7.633128 90.08212
-12.55636 -8.308228 90.08212
-12.01481 -8.919868 90.08212
-11.46633 -9.526047 90.08212
-10.91785 -10.13223 90.08212
-10.36938 -10.73841 90.08212
-9.82091 -11.3446 90.08212
-9.271113 -11.94953 90.08212
-8.693049 -12.52756 90.08212
-8.114986 -13.1056 90.08211
-7.535073 -13.68163 90.08211
-6.913436 -14.21253 90.08211
-6.2918 -14.74343 90.08211
-5.666408 -15.26964 90.08211
-5.012905 -15.76078 90.08211
-4.359402 -16.25191 90.08211
-3.705899 -16.74305 90.08211
-3.037889 -17.21424 90.08211
-2.36922 -17.68452 90.08211
-1.689426 -18.13702 90.08211
-0.9739236 -18.53241 90.08211
-0.2211632 -18.84914 90.08211
0.5380877 -19.15216 90.08211
1.297339 -19.45518 90.08211
2.05659 -19.7582 90.08211
2.843609 -19.97805 90.08211
3.632617 -20.19194 90.08211
4.421624 -20.40584 90.08211
5.210631 -20.61973 90.08211
5.999638 -20.83363 90.08211
6.790883 -21.03876 90.08211
7.585748 -21.22974 90.08211
8.380613 -21.42072 90.08211
9.195703 -21.48199 90.08211
10.01098 -21.54205 90.08211
10.82625 -21.60212 90.08211
11.64153 -21.66219 90.08211
12.45764 -21.70569 90.08211
13.27484 -21.7272 90.08211
14.09204 -21.7487 90.08211
14.90925 -21.7702 90.08211
15.72646 -21.78404 90.08211
16.54368 -21.76351 90.08211
17.36091 -21.74299 90.08211
18.17814 -21.72247 90.08211
18.99537 -21.70194 90.08211
19.80916 -21.63064 90.08211
20.6217 -21.54084 90.08211
21.43423 -21.45103 90.08211
22.24628 -21.35691 90.08211
23.05809 -21.26077 90.08211
23.8699 -21.16464 90.08211
24.66405 -20.97545 90.08211
25.45463 -20.76742 90.08211
26.23818 -20.53512 90.08211
27.01773 -20.28895 90.08211
27.77101 -19.98159 90.08211
28.13863 -19.29563 90.08211
28.02634 -18.48932 90.08211
27.80465 -17.70369 90.08211
27.55135 -16.92654 90.08211
27.22931 -16.17516 90.08211
26.90727 -15.42377 90.08211
26.57453 -14.6771 90.08211
26.24646 -13.92852 90.08211
25.94557 -13.16843 90.08211
25.64468 -12.40832 90.08211
25.3438 -11.64823 90.08211
25.05201 -10.88468 90.08211
24.77381 -10.11599 90.08211
24.4956 -9.347299 90.08211
24.2174 -8.578611 90.08211
23.95463 -7.804538 90.08211
23.69488 -7.029422 90.08211
23.43513 -6.254299 90.08211
23.16329 -5.483396 90.08211
22.88508 -4.714703 90.08212
22.59049 -3.952667 90.08212
22.25354 -3.207855 90.08212
21.89494 -2.473519 90.08212
Stroke End
-8.387878 27.34984 90.08212
-8.30069 27.16782 90.08212
-8.213501 26.98581 90.08212
-8.126312 26.80379 90.08212
-8.039124 26.62178 90.08212
-7.951934 26.43976 90.08212
-7.864746 26.25775 90.08212
-7.777557 26.07573 90.08212
-7.690368 25.89372 90.08212
-7.58604 25.72228 90.08212
-7.462357 25.56281 90.08212
-7.338673 25.40332 90.08212
-7.214989 25.24384 90.08212
-7.087883 25.08715 90.08212
-6.956772 24.93372 90.08212
-6.825661 24.78029 90.08212
-6.69455 24.62686 90.08212
-6.563438 24.47342 90.08212
-6.432327 24.31999 90.08212
-6.301216 24.16656 90.08212
-6.170105 24.01313 90.08212
-6.038993 23.8597 90.08212
-5.907882 23.70627 90.08212
-5.776771 23.55283 90.08212
-5.634564 23.4099 90.08212
-5.488572 23.27056 90.08212
-5.34258 23.13121 90.08212
-5.196589 22.99186 90.08212
-5.050598 22.85251 90.08212
-4.904606 22.71316 90.08212
-4.758615 22.57382 90.08212
-4.612623 22.43447 90.08212
-4.466631 22.29512 90.08212
-4.32064 22.15577 90.08212
-4.174648 22.01642 90.08212
-4.028656 21.87708 90.08212
-3.881945 21.73849 90.08212
-3.733493 21.60177 90.08212
-3.585042 21.46505 90.08212
-3.43659 21.32832 90.08212
-3.288138 21.1916 90.08212
-3.139686 21.05487 90.08212
-2.991234 20.91815 90.08212
-2.842782 20.78143 90.08212
-2.69433 20.6447 90.08212
-2.545878 20.50798 90.08212
-2.399381 20.36924 90.08212
-2.258107 20.22511 90.08212
-2.116833 20.08098 90.08212
-1.975559 19.93685 90.08212
-1.834285 19.79272 90.08212
-1.693011 19.64859 90.08212
-1.551736 19.50447 90.08212
-1.410462 19.36034 90.08212
-1.276836 19.20927 90.08212
-1.14701 19.05474 90.08212
-1.017185 18.90022 90.08212
-0.8873603 18.7457 90.08212
-0.7575352 18.59118 90.08212
-0.62771 18.43666 90.08212
-0.4978849 18.28214 90.08212
-0.3680598 18.12762 90.08212
-0.2422751 17.96992 90.08212
-0.1227341 17.80731 90.08212
-0.003193076 17.6447 90.08212
0.1163479 17.48209 90.08212
0.2358889 17.31949 90.08212
0.3554299 17.15688 90.08212
0.4749709 16.99427 90.08212
0.5945119 16.83166 90.08212
0.7140529 16.66905 90.08212
0.8310708 16.50466 90.08212
0.9443962 16.33766 90.08212
1.057721 16.17066 90.08212
1.171047 16.00366 90.08212
1.284372 15.83667 90.08212
1.397697 15.66967 90.08212
1.511022 15.50267 90.08212
1.624348 15.33567 90.08212
1.737673 15.16867 90.08212
1.856359 15.0055 90.08212
1.977866 14.84436 90.08212
2.099372 14.68322 90.08212
2.220878 14.52207 90.08212
2.342384 14.36092 90.08212
2.463891 14.19978 90.08212
2.585397 14.03863 90.08212
2.71197 13.88146 90.08212
2.839408 13.72496 90.08212
2.966846 13.56847 90.08212
3.094285 13.41197 90.08212
3.221723 13.25548 90.08212
3.349094 13.09893 90.08212
3.472776 12.93945 90.08212
3.596459 12.77997 90.08212
3.720141 12.62049 90.08212
3.843823 12.461 90.08212
3.967506 12.30152 90.08212
4.091188 12.14204 90.08212
4.21487 11.98256 90.08212
Stroke End
25.16362 21.41315 90.08212
25.32319 21.27206 90.08212
25.48275 21.13098 90.08212
25.64721 20.99594 90.08212
25.81868 20.8696 90.08212
25.99016 20.74326 90.08212
26.16163 20.61691 90.08212
26.33311 20.49057 90.08212
26.50458 20.36423 90.08212
26.67605 20.23788 90.08212
26.84447 20.10788 90.08212
26.9991 19.9614 90.08212
27.15373 19.81492 90.08212
27.30836 19.66844 90.08212
27.46298 19.52197 90.08212
27.61761 19.37548 90.08212
27.77224 19.22901 90.08212
27.92687 19.08253 90.08212
28.07704 18.93153 90.08212
28.22529 18.7786 90.08212
28.37354 18.62567 90.08212
28.52179 18.47274 90.08212
28.67004 18.31981 90.08212
28.8183 18.16688 90.08212
28.96655 18.01395 90.08212
29.1148 17.86102 90.08212
29.26124 17.7064 90.08212
29.40415 17.54846 90.08212
29.54705 17.39052 90.08212
29.68996 17.23258 90.08212
29.83286 17.07464 90.08212
29.97577 16.91671 90.08212
30.11867 16.75877 90.08212
30.26158 16.60083 90.08212
30.40448 16.44289 90.08212
30.54695 16.28457 90.08212
30.68473 16.12214 90.08212
30.82251 15.95971 90.08212
30.96029 15.79728 90.08212
31.09807 15.63486 90.08212
31.23585 15.47243 90.08212
31.37363 15.31 90.08212
31.51141 15.14757 90.08212
31.64919 14.98514 90.08212
31.78797 14.82363 90.08212
31.93707 14.67152 90.08212
32.08616 14.51941 90.08212
32.23526 14.36731 90.08212
32.38436 14.2152 90.08212
32.53345 14.06309 90.08212
32.68255 13.91099 90.08212
32.83165 13.75888 90.08212
32.96583 13.59362 90.08212
33.09803 13.42663 90.08212
33.23024 13.25963 90.08212
33.36245 13.09264 90.08212
33.49466 12.92564 90.08212
33.62687 12.75865 90.08212
33.75907 12.59165 90.08212
33.89128 12.42466 90.08212
34.02182 12.25644 90.08212
34.14142 12.08019 90.08212
34.26102 11.90395 90.08212
34.38062 11.72771 90.08212
34.50023 11.55146 90.08212
34.59287 11.35971 90.08212
34.68514 11.16774 90.08212
34.77742 10.97577 90.08212
34.86969 10.7838 90.08212
34.96197 10.59184 90.08212
35.05424 10.39987 90.08212
35.14651 10.2079 90.08212
35.23879 10.01593 90.08212
35.33107 9.823964 90.08212
35.42334 9.631996 90.08212
35.51561 9.440028 90.08212
35.60789 9.248061 90.08212
35.70016 9.056093 90.08212
35.79244 8.864125 90.08212
35.88472 8.672157 90.08212
35.97646 8.479935 90.08212
36.06804 8.287633 90.08212
36.15961 8.095331 90.08212
36.25119 7.903029 90.08212
36.34276 7.710727 90.08212
36.43434 7.518425 90.08212
36.52592 7.326123 90.08212
36.61749 7.133821 90.08212
36.70907 6.94152 90.08212
36.82657 6.76479 90.08212
36.9533 6.5936 90.08212
37.08003 6.42241 90.08212
37.20676 6.251221 90.08212
37.33349 6.080031 90.08212
37.46022 5.908842 90.08212
37.58695 5.737652 90.08212
37.71368 5.566463 90.08212
37.84041 5.395273 90.08212
37.96714 5.224083 90.08212
38.09387 5.052894 90.08212
Stroke End
