5
water
80
-27.39488 33.19524 90.08213
-27.27953 33.11328 90.08213
-27.16418 33.03132 90.08213
-27.04882 32.94936 90.08213
-26.93347 32.8674 90.08213
-26.81812 32.78544 90.08213
-26.70277 32.70348 90.08213
-26.58742 32.62153 90.08213
-26.47206 32.53957 90.08213
-26.35671 32.45761 90.08213
-26.24136 32.37565 90.08213
-26.13426 32.2832 90.08213
-26.02742 32.19041 90.08213
-25.92058 32.09764 90.08213
-25.81373 32.00486 90.08213
-25.70689 31.91208 90.08213
-25.60005 31.8193 90.08213
-25.4932 31.72652 90.08213
-25.38636 31.63375 90.08213
-25.27952 31.54097 90.08213
-25.17267 31.44819 90.08213
-25.06649 31.35468 90.08213
-24.9643 31.2568 90.08213
-24.86211 31.15892 90.08213
-24.75993 31.06104 90.08213
-24.65774 30.96315 90.08213
-24.55555 30.86527 90.08213
-24.45337 30.76739 90.08213
-24.35118 30.6695 90.08213
-24.24899 30.57162 90.08213
-24.1468 30.47374 90.08213
-24.04461 30.37585 90.08213
-23.94243 30.27797 90.08213
-23.84021 30.18012 90.08213
-23.73556 30.08487 90.08213
-23.63091 29.98962 90.08213
-23.52627 29.89438 90.08213
-23.42162 29.79913 90.08213
-23.31697 29.70388 90.08213
-23.21232 29.60864 90.08213
-23.10767 29.51339 90.08213
-23.00302 29.41814 90.08213
-22.89837 29.3229 90.08213
-22.79373 29.22765 90.08213
-22.68908 29.1324 90.08213
-22.58443 29.03715 90.08213
-22.47978 28.94191 90.08213
-22.37576 28.84598 90.08213
-22.27217 28.74957 90.08213
-22.16859 28.65317 90.08213
-22.06501 28.55676 90.08213
-21.96143 28.46036 90.08213
-21.85784 28.36395 90.08213
-21.75426 28.26755 90.08213
-21.65068 28.17114 90.08213
-21.5471 28.07474 90.08213
-21.44351 27.97833 90.08213
-21.33993 27.88192 90.08213
-21.23635 27.78552 90.08213
-21.13277 27.68911 90.08213
-21.02918 27.59271 90.08213
-20.9256 27.4963 90.08213
-20.82042 27.40168 90.08213
-20.71312 27.30944 90.08213
-20.60581 27.2172 90.08213
-20.4985 27.12495 90.08213
-20.3912 27.03271 90.08213
-20.28389 26.94047 90.08213
-20.17658 26.84823 90.08213
-20.06928 26.75598 90.08212
-19.96197 26.66374 90.08212
-19.85466 26.5715 90.08212
-19.74736 26.47926 90.08212
-19.64005 26.38701 90.08212
-19.53274 26.29477 90.08212
-19.42544 26.20253 90.08212
-19.32072 26.10741 90.08212
-19.218 26.0101 90.08212
-19.11527 25.91278 90.08212
-19.01255 25.81546 90.08212
-18.90982 25.71814 90.08212
-18.8071 25.62082 90.08212
-18.71464 25.51377 90.08212
-18.62289 25.40604 90.08212
-18.53115 25.2983 90.08212
-18.43941 25.19057 90.08212
-18.34766 25.08284 90.08212
-18.25592 24.9751 90.08212
-18.16418 24.86737 90.08212
-18.07243 24.75964 90.08212
-17.98069 24.65191 90.08212
-17.88894 24.54417 90.08212
-17.7972 24.43644 90.08212
-17.70545 24.32871 90.08212
-17.61371 24.22097 90.08212
-17.52197 24.11324 90.08212
-17.43998 23.99848 90.08212
-17.36689 23.87732 90.08212
-17.2938 23.75615 90.08212
-17.22071 23.63498 90.08212
Stroke End
-38.13796 16.11578 90.08212
-38.04466 15.99547 90.08212
-37.95135 15.87516 90.08212
-37.85805 15.75484 90.08212
-37.76474 15.63453 90.08212
-37.67144 15.51422 90.08212
-37.57206 15.39899 90.08212
-37.46991 15.28609 90.08212
-37.36776 15.17319 90.08212
-37.26561 15.06029 90.08212
-37.16345 14.9474 90.08212
-37.0613 14.8345 90.08212
-36.95915 14.7216 90.08212
-36.85699 14.6087 90.08212
-36.75484 14.4958 90.08212
-36.65269 14.3829 90.08212
-36.55054 14.27001 90.08212
-36.44838 14.15711 90.08212
-36.34623 14.04421 90.08212
-36.24408 13.93131 90.08212
-36.14464 13.81602 90.08212
-36.04539 13.70056 90.08212
-35.94615 13.5851 90.08212
-35.8469 13.46964 90.08212
-35.74766 13.35417 90.08212
-35.64841 13.23871 90.08212
-35.54916 13.12325 90.08212
-35.44992 13.00779 90.08212
-35.35067 12.89233 90.08212
-35.25143 12.77687 90.08212
-35.15218 12.6614 90.08212
-35.05293 12.54594 90.08212
-34.95369 12.43048 90.08212
-34.85444 12.31502 90.08212
-34.7552 12.19956 90.08212
-34.65673 12.08346 90.08212
-34.56446 11.96235 90.08212
-34.47219 11.84125 90.08212
-34.37991 11.72014 90.08212
-34.28764 11.59904 90.08212
-34.19536 11.47793 90.08212
-34.10309 11.35683 90.08212
-34.01081 11.23572 90.08212
-33.91854 11.11462 90.08212
-33.82626 10.99351 90.08212
-33.73399 10.87241 90.08212
-33.64171 10.7513 90.08212
-33.54944 10.63019 90.08212
-33.45716 10.50909 90.08212
-33.36489 10.38798 90.08212
-33.27262 10.26688 90.08212
-33.18034 10.14577 90.08212
-33.08807 10.02467 90.08212
-32.99579 9.903561 90.08212
-32.90352 9.782455 90.08212
-32.81124 9.661349 90.08212
-32.71897 9.540244 90.08212
-32.62669 9.419138 90.08212
-32.53442 9.298032 90.08212
-32.44215 9.176927 90.08212
-32.34987 9.055821 90.08212
-32.2576 8.934715 90.08212
-32.16532 8.813609 90.08212
-32.07305 8.692504 90.08212
-31.9803 8.571759 90.08212
-31.887 8.451447 90.08212
-31.79369 8.331136 90.08212
-31.70038 8.210824 90.08212
-31.60707 8.090512 90.08212
-31.51377 7.970201 90.08212
-31.42046 7.849889 90.08212
-31.32715 7.729578 90.08212
-31.23384 7.609266 90.08212
-31.14054 7.488955 90.08212
-31.04723 7.368643 90.08212
-30.94662 7.254456 90.08212
-30.84446 7.141557 90.08212
-30.74231 7.028658 90.08212
-30.64016 6.91576 90.08212
-30.53801 6.802861 90.08212
-30.43585 6.689962 90.08212
-30.3337 6.577063 90.08212
-30.23155 6.464165 90.08212
-30.1294 6.351266 90.08212
-30.02238 6.24299 90.08212
-29.91497 6.135075 90.08212
-29.80757 6.027161 90.08212
-29.70016 5.919247 90.08212
-29.59276 5.811332 90.08212
-29.48536 5.703418 90.08212
-29.37795 5.595504 90.08212
-29.27055 5.48759 90.08212
-29.16314 5.379675 90.08212
-29.05574 5.271761 90.08212
-28.94833 5.163846 90.08212
-28.84093 5.055932 90.08212
-28.73353 4.948017 90.08212
-28.62612 4.840103 90.08212
-28.51872 4.732188 90.08212
-28.41132 4.624273 90.08212
Stroke End
-32.9317 -34.39186 90.08211
-32.80358 -34.03787 90.08211
-32.68512 -33.6806 90.08211
-32.57059 -33.32199 90.08211
-32.45607 -32.96338 90.08211
-32.34155 -32.60476 90.08211
-32.21882 -32.24905 90.08211
-32.08272 -31.89806 90.08211
-31.94662 -31.54706 90.08211
-31.81051 -31.19607 90.08211
-31.67441 -30.84508 90.08211
-31.5383 -30.49409 90.08211
-31.4022 -30.1431 90.08211
-31.26646 -29.79197 90.08211
-31.13423 -29.4395 90.08211
-31.002 -29.08704 90.08211
-30.86976 -28.73457 90.08211
-30.73753 -28.3821 90.08211
-30.6053 -28.02963 90.08211
-30.47307 -27.67716 90.08211
-30.34084 -27.3247 90.08211
-30.2086 -26.97223 90.08211
-30.07637 -26.61976 90.08211
-29.94414 -26.26729 90.08211
-29.80505 -25.91756 90.08211
-29.65824 -25.57091 90.08211
-29.51143 -25.22426 90.08211
-29.36461 -24.87762 90.08211
-29.2178 -24.53097 90.08211
-29.07099 -24.18432 90.08211
-28.92417 -23.83767 90.08211
-28.77736 -23.49103 90.08211
-28.63054 -23.14438 90.08211
-28.48373 -22.79773 90.08211
-28.33692 -22.45108 90.08211
-28.19011 -22.10443 90.08211
-28.04257 -21.7581 90.08211
-27.8874 -21.41512 90.08211
-27.73223 -21.07213 90.08211
-27.57706 -20.72914 90.08211
-27.42189 -20.38615 90.08211
-27.26672 -20.04316 90.08211
-27.11155 -19.70017 90.08211
-26.95638 -19.35718 90.08211
-26.80122 -19.01419 90.08211
-26.64605 -18.6712 90.08211
-26.49088 -18.32821 90.08211
-26.33571 -17.98522 90.08211
-26.18054 -17.64223 90.08211
-26.02537 -17.29925 90.08211
-25.88433 -16.95031 90.08211
-25.74745 -16.59962 90.08211
-25.61057 -16.24893 90.08211
-25.47369 -15.89824 90.08211
-25.33682 -15.54755 90.08211
-25.19994 -15.19686 90.08211
-25.06306 -14.84617 90.08212
-24.92619 -14.49548 90.08212
-24.78931 -14.14479 90.08212
-24.65243 -13.7941 90.08212
-24.51555 -13.44341 90.08212
-24.37868 -13.09272 90.08212
-24.2418 -12.74203 90.08212
-24.10206 -12.39248 90.08212
-23.95933 -12.04414 90.08212
-23.8166 -11.69578 90.08212
-23.67388 -11.34743 90.08212
-23.53115 -10.99908 90.08212
-23.38842 -10.65073 90.08212
-23.2457 -10.30238 90.08212
-23.10297 -9.954033 90.08212
-22.96025 -9.605683 90.08212
-22.81752 -9.257332 90.08212
-22.67479 -8.908981 90.08212
-22.53206 -8.560632 90.08212
-22.38934 -8.212281 90.08212
-22.24661 -7.863932 90.08212
-22.09149 -7.521104 90.08212
-21.92788 -7.18206 90.08212
-21.76427 -6.843017 90.08212
-21.60066 -6.503973 90.08212
-21.43705 -6.164929 90.08212
-21.27344 -5.825883 90.08212
-21.10983 -5.486839 90.08212
-20.94622 -5.147795 90.08212
-20.78262 -4.808752 90.08212
-20.61901 -4.469706 90.08212
-20.4554 -4.130664 90.08212
-20.29179 -3.791618 90.08212
-20.1238 -3.454759 90.08212
-19.9509 -3.120358 90.08212
-19.77801 -2.785953 90.08212
-19.60511 -2.451552 90.08212
-19.43221 -2.117147 90.08212
-19.25932 -1.782742 90.08212
-19.08642 -1.448341 90.08212
-18.91352 -1.113936 90.08212
-18.74063 -0.7795348 90.08212
-18.56773 -0.4451302 90.08212
-18.39483 -0.1107254 90.08212
Stroke End
-13.59414 6.891055 90.08212
-13.10349 6.903967 90.08212
-12.61285 6.91688 90.08212
-12.1222 6.929792 90.08212
-11.63156 6.942705 90.08212
-11.14091 6.955617 90.08212
-10.65026 6.96853 90.08212
-10.15962 6.981442 90.08212
-9.668815 6.982399 90.08212
-9.177999 6.982399 90.08212
-8.687182 6.982399 90.08212
-8.196367 6.982399 90.08212
-7.705551 6.982399 90.08212
-7.214735 6.982399 90.08212
-6.723919 6.982399 90.08212
-6.233104 6.982399 90.08212
-5.742422 6.987139 90.08212
-5.252392 7.014911 90.08212
-4.762362 7.042683 90.08212
-4.272334 7.070455 90.08212
-3.782304 7.098226 90.08212
-3.292274 7.125998 90.08212
-2.802245 7.15377 90.08212
-2.312441 7.185135 90.08212
-1.822792 7.21896 90.08212
-1.333143 7.252784 90.08212
-0.8434938 7.286609 90.08212
-0.3538455 7.320434 90.08212
0.1358038 7.354259 90.08212
0.6254531 7.388083 90.08212
1.115101 7.421908 90.08212
1.603523 7.46854 90.08212
2.090679 7.528363 90.08212
2.577836 7.588187 90.08212
3.064992 7.648011 90.08212
3.552149 7.707835 90.08212
4.039306 7.767658 90.08212
4.526461 7.827482 90.08212
5.013617 7.887306 90.08212
5.50208 7.935058 90.08212
5.990757 7.980828 90.08212
6.479435 8.026599 90.08212
6.968112 8.072369 90.08212
7.456789 8.118139 90.08212
7.945465 8.16391 90.08212
8.434142 8.209681 90.08212
8.92282 8.255451 90.08212
9.411497 8.301222 90.08212
9.900174 8.346992 90.08212
10.38568 8.41836 90.08212
10.87076 8.493164 90.08212
11.35585 8.567968 90.08212
11.84093 8.642773 90.08212
12.32601 8.717576 90.08212
12.81109 8.79238 90.08212
13.29618 8.867185 90.08212
13.7833 8.925424 90.08212
14.27204 8.97044 90.08212
14.76079 9.015455 90.08212
15.24954 9.060472 90.08212
15.73828 9.105487 90.08212
16.22703 9.150503 90.08212
16.71578 9.195519 90.08212
17.20453 9.240536 90.08212
17.69327 9.285551 90.08212
18.18202 9.330567 90.08212
18.66981 9.38403 90.08212
19.15623 9.449593 90.08212
19.64265 9.515156 90.08212
20.12906 9.580718 90.08212
20.61548 9.646281 90.08212
21.1019 9.711843 90.08212
21.58832 9.777407 90.08212
22.07463 9.843683 90.08212
22.56083 9.910849 90.08212
23.04703 9.978016 90.08212
23.53323 10.04518 90.08212
24.01943 10.11235 90.08212
24.50563 10.17951 90.08212
24.99183 10.24668 90.08212
25.47802 10.31385 90.08212
25.96223 10.39214 90.08212
26.44147 10.49807 90.08212
26.92072 10.60401 90.08212
27.39997 10.70994 90.08212
27.87922 10.81588 90.08212
28.35787 10.92426 90.08212
28.83185 11.05169 90.08212
29.30584 11.17911 90.08212
29.77983 11.30653 90.08212
30.25381 11.43396 90.08212
30.7278 11.56138 90.08212
31.20178 11.68881 90.08212
31.67754 11.80936 90.08212
32.15402 11.92709 90.08212
32.62904 12.05062 90.08212
33.10406 12.17414 90.08212
33.57528 12.30854 90.08212
34.02419 12.50699 90.08212
34.47148 12.70899 90.08212
Stroke End
9.214269 40.77594 90.08213
9.410618 40.00468 90.08213
9.520612 39.21451 90.08213
9.630607 38.42434 90.08213
9.714867 37.6321 90.08213
9.732049 36.8345 90.08213
9.749231 36.0369 90.08213
9.766415 35.23929 90.08212
9.783597 34.44168 90.08212
9.772903 33.64452 90.08212
9.730502 32.84786 90.08212
9.688101 32.0512 90.08212
9.6457 31.25453 90.08212
9.603298 30.45787 90.08212
9.560897 29.66121 90.08212
9.504935 28.86545 90.08212
9.440694 28.07026 90.08212
9.376453 27.27505 90.08212
9.312212 26.47986 90.08212
9.247972 25.68466 90.08212
9.18373 24.88946 90.08212
9.118563 24.09433 90.08212
9.049416 23.29955 90.08212
8.980268 22.50476 90.08212
8.911122 21.70997 90.08212
8.841975 20.91518 90.08212
8.772828 20.1204 90.08212
8.713213 19.32505 90.08212
8.688754 18.52763 90.08212
8.664296 17.73022 90.08212
8.639838 16.9328 90.08212
8.615379 16.13539 90.08212
8.590921 15.33797 90.08212
8.566463 14.54056 90.08212
8.547844 13.74301 90.08212
8.536202 12.94531 90.08212
8.524562 12.1476 90.08212
8.51292 11.34989 90.08212
8.50128 10.55219 90.08212
8.489638 9.754485 90.08212
8.477998 8.95678 90.08212
8.466146 8.159078 90.08212
8.453912 7.361382 90.08212
8.441679 6.563685 90.08212
8.429446 5.765992 90.08212
8.417212 4.968296 90.08212
8.40498 4.170599 90.08212
8.392747 3.372903 90.08212
8.39523 2.575206 90.08212
8.407463 1.777509 90.08212
8.419697 0.979812 90.08212
8.43193 0.182115 90.08212
8.444162 -0.6155818 90.08212
8.456396 -1.413275 90.08212
8.468629 -2.210972 90.08212
8.47051 -3.008748 90.08212
8.47051 -3.806539 90.08212
8.47051 -4.60433 90.08212
8.47051 -5.40212 90.08212
8.47051 -6.199911 90.08212
8.47051 -6.997698 90.08212
8.461614 -7.795334 90.08212
8.433867 -8.592642 90.08212
8.406122 -9.38995 90.08212
8.378376 -10.18726 90.08211
8.35063 -10.98457 90.08211
8.322884 -11.78187 90.08211
8.295858 -12.57921 90.08211
8.270091 -13.37658 90.08211
8.244325 -14.17395 90.08211
8.218558 -14.97132 90.08211
8.192791 -15.7687 90.08211
8.167025 -16.56607 90.08211
8.141258 -17.36345 90.08211
8.08835 -18.15946 90.08211
8.033998 -18.95539 90.08211
7.979646 -19.75133 90.08211
7.925294 -20.54726 90.08211
7.870942 -21.3432 90.08211
7.816589 -22.13914 90.08211
7.780953 -22.9361 90.08211
7.748172 -23.73322 90.08211
7.718278 -24.53044 90.08211
7.693819 -25.32785 90.08211
7.66936 -26.12527 90.08211
7.644901 -26.92268 90.08211
7.620443 -27.7201 90.08211
7.595984 -28.51752 90.08211
7.571526 -29.31492 90.08211
7.561478 -30.11256 90.08211
7.561477 -30.91035 90.0821
7.561478 -31.70814 90.0821
7.561479 -32.50593 90.0821
7.56148 -33.30372 90.0821
7.56148 -34.10151 90.0821
7.56148 -34.8993 90.0821
7.561479 -35.69709 90.0821
7.561479 -36.49488 90.0821
7.561479 -37.29268 90.0821
7.561481 -38.09047 90.0821
Stroke End
