2
-19.37888 23.4225 90.08212
-18.15037 23.73467 90.08212
-16.93144 24.08643 90.08212
-15.68353 24.31906 90.08212
-14.43672 24.55755 90.08212
-13.18991 24.79605 90.08212
-11.94311 25.03454 90.08212
-10.69827 25.28308 90.08212
-9.453733 25.53316 90.08212
-8.198799 25.71891 90.08212
-6.941436 25.89236 90.08212
-5.686719 26.08496 90.08212
-4.431979 26.2774 90.08212
-3.177063 26.4687 90.08212
-1.921602 26.65625 90.08212
-0.664133 26.82997 90.08212
0.5937161 27.00072 90.08212
1.854625 27.1474 90.08212
3.115535 27.29409 90.08212
4.374749 27.45433 90.08212
5.632923 27.62287 90.08212
6.890203 27.79781 90.08212
8.146402 27.9805 90.08212
9.402601 28.16318 90.08212
10.65927 28.34256 90.08212
11.91597 28.52178 90.08212
13.16656 28.73924 90.08212
14.41759 28.95426 90.08212
15.67448 29.12914 90.08212
16.93724 29.25897 90.08212
18.19999 29.38881 90.08212
19.45881 29.54977 90.08212
20.71233 29.74759 90.08212
21.95509 30.00082 90.08212
23.20897 30.19879 90.08212
24.45602 30.43415 90.08212
25.70858 30.63375 90.08212
26.95459 30.85872 90.08212
28.1845 31.17018 90.08212
29.41069 31.45988 90.08212
30.46186 31.06359 90.08212
30.76158 29.83149 90.08212
30.95098 28.57687 90.08212
31.10643 27.31701 90.08212
31.21896 26.05265 90.08212
31.31711 24.78704 90.08212
31.41527 23.52143 90.08212
31.44419 22.25314 90.08212
31.40673 20.98433 90.08212
31.36573 19.71558 90.08212
31.29718 18.44806 90.08212
31.2255 17.18067 90.08212
31.12374 15.91559 90.08212
31.00126 14.6521 90.08212
30.88115 13.38839 90.08212
30.76285 12.12449 90.08212
30.63304 10.8618 90.08212
30.49038 9.600423 90.08212
30.33843 8.340332 90.08212
30.13595 7.087167 90.08212
29.92755 5.835093 90.08212
29.67344 4.591369 90.08212
29.41934 3.347653 90.08212
29.1304 2.111657 90.08212
28.83473 0.8771606 90.08212
28.52373 -0.3533486 90.08212
28.18055 -1.575496 90.08212
27.83373 -2.796579 90.08212
27.46718 -4.011925 90.08211
27.10064 -5.227262 90.08211
26.73409 -6.442605 90.08211
26.3523 -7.652224 90.08211
25.83815 -8.812621 90.08211
25.37562 -9.994766 90.08211
24.91308 -11.17692 90.08211
24.45159 -12.35947 90.08211
23.99832 -13.54514 90.08211
23.56632 -14.73878 90.08211
23.13432 -15.93243 90.08211
22.61883 -17.09214 90.08211
22.0956 -18.2487 90.08211
21.57237 -19.40526 90.08211
20.97227 -20.52281 90.08211
20.34741 -21.62777 90.08211
19.73739 -22.74097 90.08211
19.09769 -23.83737 90.08211
18.48252 -24.94742 90.08211
17.83593 -26.03841 90.08211
17.14079 -27.09271 90.08211
16.02749 -27.16892 90.08211
14.93005 -26.53541 90.08211
13.84829 -25.8712 90.08211
12.74411 -25.24543 90.08211
11.67513 -24.56153 90.08211
10.61125 -23.86903 90.08211
9.541999 -23.18485 90.08211
8.476203 -22.49531 90.08211
7.399603 -21.82342 90.08211
6.302335 -21.18514 90.08211
5.126372 -20.70917 90.08211
Stroke End
-0.2065981 22.23515 90.08212
-0.3014299 21.61306 90.08212
-0.4035772 20.99212 90.08212
-0.4723286 20.3675 90.08212
-0.5078585 19.73923 90.08212
-0.5513042 19.11168 90.08212
-0.6319725 18.48759 90.08212
-0.7126408 17.8635 90.08212
-0.7992467 17.24047 90.08212
-0.9380827 16.62669 90.08212
-1.076919 16.01291 90.08212
-1.218651 15.39985 90.08212
-1.380483 14.79173 90.08212
-1.542315 14.18362 90.08212
-1.731086 13.58381 90.08212
-1.939955 12.9902 90.08212
-2.148824 12.3966 90.08212
-2.354639 11.80193 90.08212
-2.559704 11.20699 90.08212
-2.76477 10.61206 90.08212
-2.969835 10.01713 90.08212
-3.1749 9.422197 90.08212
-3.379965 8.827265 90.08212
-3.607927 8.241673 90.08212
-3.877437 7.673024 90.08212
-4.146947 7.104377 90.08212
-4.416457 6.535729 90.08212
-4.694795 5.971351 90.08212
-4.96583 5.403662 90.08212
-5.207392 4.822591 90.08212
-5.448954 4.24152 90.08212
-5.690516 3.660449 90.08212
-5.932079 3.079377 90.08212
-6.173641 2.498306 90.08212
-6.416448 1.917757 90.08212
-6.661233 1.338036 90.08212
-6.906864 0.7587042 90.08212
-7.188298 0.1958624 90.08212
-7.469731 -0.3669795 90.08212
-7.751165 -0.9298214 90.08212
-8.032599 -1.492663 90.08212
-8.314034 -2.055505 90.08212
-8.595467 -2.618347 90.08212
-8.910706 -3.162748 90.08212
-9.231598 -3.704065 90.08212
-9.55249 -4.245382 90.08212
-9.873384 -4.786698 90.08212
-10.19428 -5.328015 90.08212
-10.53509 -5.856993 90.08212
-10.87666 -6.385505 90.08212
-11.22639 -6.908578 90.08212
-11.58295 -7.427098 90.08212
-11.93951 -7.945614 90.08212
-12.29607 -8.46413 90.08212
-12.65342 -8.982102 90.08212
-13.01558 -9.496727 90.08212
-13.37774 -10.01135 90.08212
-13.73989 -10.52597 90.08212
-14.10205 -11.0406 90.08212
-14.47189 -11.54957 90.08212
-14.85604 -12.04798 90.08212
-15.2402 -12.5464 90.08212
-15.62436 -13.04481 90.08212
-16.00852 -13.54323 90.08212
-16.40411 -14.03229 90.08212
-16.81677 -14.50737 90.08212
-17.22943 -14.98246 90.08212
-17.64209 -15.45755 90.08211
-18.05475 -15.93263 90.08211
-18.47847 -16.39772 90.08211
-18.90971 -16.85601 90.08211
-19.34096 -17.31429 90.08211
-19.7722 -17.77258 90.08211
-20.20345 -18.23086 90.08211
-20.63516 -18.6887 90.08211
-21.06717 -19.14627 90.08211
-21.49917 -19.60383 90.08211
-21.93118 -20.0614 90.08211
-22.36379 -20.51836 90.08211
-22.82384 -20.94772 90.08211
-23.28389 -21.37708 90.08211
-23.74393 -21.80644 90.08211
-24.20398 -22.2358 90.08211
-24.66403 -22.66516 90.08211
-25.12408 -23.09452 90.08211
-25.58413 -23.52388 90.08211
-26.04418 -23.95325 90.08211
-26.52715 -24.35655 90.08211
-27.01163 -24.75814 90.08211
-27.48691 -25.17054 90.08211
-27.96107 -25.58426 90.08211
-28.43524 -25.99799 90.08211
-28.92822 -26.38826 90.08211
-29.43483 -26.76153 90.08211
-29.94145 -27.13481 90.08211
-30.41602 -27.54639 90.08211
-30.89165 -27.95671 90.08211
-31.39826 -28.32999 90.08211
-31.91423 -28.6897 90.08211
-32.44313 -29.03069 90.08211
Stroke End
