2
-2.024662 29.90721 90.08212
-2.24864 29.16456 90.08212
-2.508344 28.43375 90.08212
-2.733371 27.69205 90.08212
-2.938611 26.94401 90.08212
-3.146652 26.19674 90.08212
-3.332978 25.44383 90.08212
-3.515554 24.68995 90.08212
-3.739534 23.9473 90.08212
-3.970328 23.20691 90.08212
-4.234312 22.47752 90.08212
-4.503103 21.74994 90.08212
-4.783546 21.02672 90.08212
-5.028706 20.29165 90.08212
-5.241812 19.5458 90.08212
-5.463953 18.80285 90.08212
-5.722839 18.07164 90.08212
-5.981726 17.34043 90.08212
-6.235274 16.60739 90.08212
-6.477706 15.87056 90.08212
-6.720139 15.13373 90.08212
-6.964289 14.39746 90.08212
-7.209594 13.66159 90.08212
-7.449799 12.92409 90.08212
-7.673781 12.18144 90.08212
-7.897763 11.43879 90.08212
-8.129009 10.69847 90.08212
-8.378244 9.963912 90.08212
-8.627481 9.229353 90.08212
-8.87465 8.494106 90.08212
-9.117078 7.757272 90.08212
-9.432167 7.048736 90.08212
-9.751896 6.342005 90.08212
-10.07162 5.635273 90.08212
-10.39135 4.928544 90.08212
-10.71108 4.221812 90.08212
-11.03081 3.515081 90.08212
-11.35053 2.808348 90.08212
-11.67025 2.101616 90.08212
-11.99429 1.396873 90.08212
-12.32452 0.6949918 90.08212
-12.65476 -0.006891529 90.08212
-12.98908 -0.706754 90.08212
-13.34534 -1.395792 90.08212
-13.7016 -2.08483 90.08212
-14.05301 -2.77632 90.08212
-14.3963 -3.471907 90.08212
-14.73959 -4.167495 90.08212
-15.09789 -4.855261 90.08212
-15.47209 -5.534718 90.08212
-15.8463 -6.214174 90.08212
-16.24649 -6.877576 90.08212
-16.68675 -7.516221 90.08212
-17.12702 -8.154862 90.08212
-17.58432 -8.780848 90.08212
-18.06829 -9.387042 90.08212
-18.55225 -9.99324 90.08212
-19.0499 -10.5882 90.08212
-19.55037 -11.18084 90.08212
-20.01728 -11.79893 90.08212
-20.45285 -12.44078 90.08212
-20.89597 -13.07723 90.08212
-21.36296 -13.69659 90.08212
-21.82996 -14.31595 90.08212
-22.30817 -14.92658 90.08212
-22.80206 -15.52442 90.08212
-23.32249 -16.09961 90.08212
-23.84293 -16.6748 90.08211
-24.39069 -17.22158 90.08211
-24.98544 -17.71955 90.08211
-25.58018 -18.21752 90.08211
-26.17493 -18.71549 90.08211
-26.76967 -19.21346 90.08211
-27.33536 -19.74372 90.08211
-27.85964 -20.31417 90.08211
-28.36141 -20.9057 90.08211
-28.86738 -21.49347 90.08211
-29.40235 -22.05517 90.08211
-29.93732 -22.61686 90.08211
-30.47274 -23.17811 90.08211
-31.01994 -23.7279 90.08211
-31.56713 -24.2777 90.08211
-32.11433 -24.82749 90.08211
-32.70253 -25.33168 90.08211
-33.30713 -25.81764 90.08211
-33.91172 -26.3036 90.08211
-34.52126 -26.78332 90.08211
-35.13285 -27.26044 90.08211
-35.72456 -27.76069 90.08211
-36.28769 -28.29415 90.08211
-36.8558 -28.82221 90.08211
-37.43293 -29.34048 90.08211
-38.01196 -29.85652 90.08211
-38.6182 -30.34043 90.08211
-39.22444 -30.82433 90.08211
-39.84475 -31.2897 90.08211
-40.47401 -31.74327 90.08211
-41.10328 -32.19683 90.08211
-41.73784 -32.64289 90.08211
-42.40533 -33.03472 90.08211
Stroke End
-5.908701 6.434383 90.08212
-5.801709 5.870057 90.08212
-5.633967 5.32205 90.08212
-5.431319 4.784516 90.08212
-5.188513 4.265771 90.08212
-4.905577 3.765816 90.08212
-4.618928 3.26798 90.08212
-4.331728 2.770479 90.08212
-4.019921 2.288002 90.08212
-3.724118 1.795705 90.08212
-3.435282 1.299134 90.08212
-3.145486 0.8031323 90.08212
-2.848769 0.3112302 90.08212
-2.552053 -0.1806723 90.08212
-2.250254 -0.6694005 90.08212
-1.938439 -1.151873 90.08212
-1.626624 -1.634346 90.08212
-1.289138 -2.09874 90.08212
-0.9399228 -2.554873 90.08212
-0.5900937 -3.010527 90.08212
-0.2335106 -3.460924 90.08212
0.1230725 -3.911321 90.08212
0.4796556 -4.361718 90.08212
0.8291731 -4.817603 90.08212
1.177332 -5.274542 90.08212
1.525491 -5.731482 90.08212
1.873293 -6.188688 90.08212
2.212745 -6.652133 90.08212
2.552197 -7.115578 90.08212
2.891649 -7.579024 90.08212
3.2311 -8.042469 90.08212
3.600332 -8.482379 90.08212
3.972785 -8.919742 90.08211
4.345239 -9.357105 90.08211
4.7074 -9.802672 90.08211
5.05064 -10.26332 90.08211
5.393881 -10.72396 90.08211
5.73712 -11.18461 90.08211
6.101656 -11.62858 90.08211
6.466588 -12.07224 90.08211
6.835973 -12.51218 90.08211
7.207113 -12.95066 90.08211
7.578254 -13.38914 90.08211
7.949393 -13.82762 90.08211
8.320535 -14.2661 90.08211
8.691674 -14.70458 90.08211
9.069069 -15.13745 90.08211
9.464268 -15.55438 90.08211
9.859466 -15.9713 90.08211
10.25467 -16.38823 90.08211
10.64987 -16.80515 90.08211
11.05304 -17.21429 90.08211
11.46032 -17.61942 90.08211
11.86234 -18.02973 90.08211
12.26128 -18.44308 90.08211
12.66021 -18.85643 90.08211
13.06397 -19.26495 90.08211
13.47816 -19.66301 90.08211
13.89236 -20.06108 90.08211
14.30655 -20.45914 90.08211
14.72074 -20.8572 90.08211
15.1485 -21.24044 90.08211
15.58136 -21.61813 90.08211
16.01421 -21.99581 90.08211
16.44707 -22.37349 90.08211
16.87993 -22.75117 90.08211
17.31278 -23.12886 90.08211
17.74564 -23.50654 90.08211
18.18702 -23.87396 90.08211
18.63791 -24.22991 90.08211
19.08881 -24.58586 90.08211
19.54686 -24.93254 90.08211
20.00565 -25.27826 90.08211
20.46444 -25.62398 90.08211
20.92322 -25.96969 90.08211
21.42355 -26.25136 90.08211
21.92635 -26.52921 90.08211
22.42915 -26.80707 90.08211
22.93195 -27.08492 90.08211
23.43475 -27.36277 90.0821
23.93755 -27.64062 90.0821
24.44035 -27.91847 90.0821
24.94314 -28.19632 90.0821
25.44693 -28.47227 90.0821
25.96411 -28.72234 90.0821
26.48128 -28.97242 90.0821
26.99846 -29.22249 90.0821
27.51563 -29.47256 90.0821
28.03281 -29.72263 90.0821
28.53626 -29.99924 90.0821
29.0461 -30.26288 90.0821
29.57151 -30.49516 90.0821
30.09692 -30.72745 90.0821
30.62071 -30.96321 90.0821
31.13632 -31.21648 90.0821
31.64828 -31.47702 90.0821
32.15883 -31.74035 90.0821
32.67781 -31.98455 90.0821
33.21686 -32.18313 90.0821
33.75591 -32.38171 90.0821
Stroke End
