8
metal
100
-0.04132571 36.02658 90.08213
-0.4106904 35.53087 90.08213
-0.7800551 35.03517 90.08213
-1.14942 34.53947 90.08213
-1.549313 34.06829 90.08213
-1.953859 33.60086 90.08213
-2.358405 33.13343 90.08213
-2.762951 32.66599 90.08213
-3.167497 32.19856 90.08212
-3.572043 31.73112 90.08212
-3.976589 31.26369 90.08212
-4.381135 30.79626 90.08212
-4.785682 30.32882 90.08212
-5.177741 29.8509 90.08212
-5.568091 29.37155 90.08212
-5.95844 28.8922 90.08212
-6.349718 28.41362 90.08212
-6.75353 27.94555 90.08212
-7.157341 27.47748 90.08212
-7.561152 27.00941 90.08212
-7.964963 26.54135 90.08212
-8.368775 26.07328 90.08212
-8.772586 25.60521 90.08212
-9.176398 25.13714 90.08212
-9.58021 24.66907 90.08212
-9.987411 24.20396 90.08212
-10.39622 23.74025 90.08212
-10.80503 23.27654 90.08212
-11.21384 22.81282 90.08212
-11.62264 22.34911 90.08212
-12.03145 21.8854 90.08212
-12.44026 21.42169 90.08212
-12.84907 20.95798 90.08212
-13.27321 20.50825 90.08212
-13.6974 20.05856 90.08212
-14.12158 19.60888 90.08212
-14.54577 19.15919 90.08212
-14.96996 18.70951 90.08212
-15.39415 18.25982 90.08212
-15.81833 17.81014 90.08212
-16.24252 17.36045 90.08212
-16.66671 16.91077 90.08212
-17.0893 16.45959 90.08212
-17.50996 16.0066 90.08212
-17.93061 15.55361 90.08212
-18.35127 15.10062 90.08212
-18.77193 14.64763 90.08212
-19.19258 14.19463 90.08212
-19.61324 13.74164 90.08212
-20.03389 13.28865 90.08212
-20.47327 12.854 90.08212
-20.91765 12.42426 90.08212
-21.36203 11.99452 90.08212
-21.80641 11.56478 90.08212
-22.25079 11.13504 90.08212
-22.69517 10.7053 90.08212
-23.13955 10.27555 90.08212
-23.58393 9.84581 90.08212
-24.02831 9.416066 90.08212
-24.47269 8.986325 90.08212
-24.92163 8.561433 90.08212
-25.37816 8.144619 90.08212
-25.83469 7.727809 90.08212
-26.29122 7.310996 90.08212
-26.74775 6.894185 90.08212
-27.20428 6.477375 90.08212
-27.66081 6.060561 90.08212
-28.11734 5.643751 90.08212
-28.57505 5.228309 90.08212
-29.05597 4.839891 90.08212
-29.53689 4.451473 90.08212
-30.01781 4.063053 90.08212
-30.49873 3.674634 90.08212
-30.97965 3.286214 90.08212
-31.46056 2.897796 90.08212
-31.94148 2.509378 90.08212
-32.4224 2.120958 90.08212
-32.90131 1.730165 90.08212
-33.36443 1.320688 90.08212
-33.82755 0.9112095 90.08212
-34.29067 0.5017332 90.08212
-34.76177 0.1016161 90.08212
-35.23956 -0.2906519 90.08212
-35.71734 -0.68292 90.08212
-36.19513 -1.07519 90.08212
-36.67291 -1.467458 90.08212
-37.15069 -1.859729 90.08212
-37.63707 -2.241022 90.08212
-38.13239 -2.610908 90.08212
-38.6277 -2.980795 90.08212
-39.12301 -3.35068 90.08212
-39.61833 -3.720567 90.08212
-40.11364 -4.090453 90.08212
-40.61193 -4.456246 90.08212
-41.11663 -4.813231 90.08212
-41.62132 -5.170215 90.08212
-42.12601 -5.527201 90.08212
-42.62763 -5.88836 90.08212
-43.11858 -6.264012 90.08212
-43.61194 -6.635736 90.08212
Stroke End
-2.024662 34.1999 90.08213
-1.835898 33.74093 90.08213
-1.647134 33.28196 90.08213
-1.424698 32.83869 90.08213
-1.194417 32.39908 90.08213
-0.9641356 31.95947 90.08212
-0.7338546 31.51987 90.08212
-0.4458607 31.11662 90.08212
-0.1487471 30.71911 90.08212
0.1483664 30.32161 90.08212
0.44548 29.92411 90.08212
0.7425935 29.52661 90.08212
1.063805 29.14926 90.08212
1.402546 28.78658 90.08212
1.741287 28.42389 90.08212
2.080029 28.06121 90.08212
2.41877 27.69852 90.08212
2.757511 27.33584 90.08212
3.096253 26.97316 90.08212
3.434994 26.61047 90.08212
3.780715 26.25448 90.08212
4.128494 25.90045 90.08212
4.476274 25.54642 90.08212
4.824053 25.1924 90.08212
5.171832 24.83837 90.08212
5.519612 24.48434 90.08212
5.867391 24.13032 90.08212
6.21517 23.77629 90.08212
6.56295 23.42227 90.08212
6.952428 23.11704 90.08212
7.356357 22.82872 90.08212
7.760285 22.54041 90.08212
8.164213 22.25209 90.08212
8.568142 21.96377 90.08212
8.972071 21.67545 90.08212
9.375998 21.38714 90.08212
9.779927 21.09882 90.08212
10.18386 20.8105 90.08212
10.58778 20.52218 90.08212
10.97915 20.21709 90.08212
11.36946 19.91059 90.08212
11.75977 19.60409 90.08212
12.15008 19.29759 90.08212
12.54039 18.99109 90.08212
12.9307 18.68458 90.08212
13.32101 18.37808 90.08212
13.71132 18.07158 90.08212
14.11102 17.77749 90.08212
14.51205 17.48516 90.08212
14.91308 17.19282 90.08212
15.3141 16.90048 90.08212
15.71513 16.60814 90.08212
16.11616 16.3158 90.08212
16.51719 16.02346 90.08212
16.91821 15.73112 90.08212
17.31924 15.43878 90.08212
17.72121 15.14776 90.08212
18.12714 14.86226 90.08212
18.53307 14.57677 90.08212
18.939 14.29127 90.08212
19.34492 14.00578 90.08212
19.75321 13.72368 90.08212
20.16245 13.44294 90.08212
20.57168 13.16221 90.08212
20.98092 12.88148 90.08212
21.39015 12.60074 90.08212
21.79939 12.32001 90.08212
22.20862 12.03927 90.08212
22.61786 11.75854 90.08212
23.02709 11.4778 90.08212
23.43633 11.19707 90.08212
23.84556 10.91633 90.08212
24.25479 10.63559 90.08212
24.65432 10.34121 90.08212
25.05385 10.04683 90.08212
25.45339 9.752453 90.08212
25.85292 9.458074 90.08212
26.25245 9.163695 90.08212
26.65198 8.869314 90.08212
27.05151 8.574934 90.08212
27.44805 8.27657 90.08212
27.84218 7.975001 90.08212
28.23632 7.673431 90.08212
28.63045 7.37186 90.08212
29.02458 7.070292 90.08212
29.41796 6.767763 90.08212
29.80477 6.456851 90.08212
30.19158 6.145939 90.08212
30.61083 5.882454 90.08212
31.04075 5.634553 90.08212
31.47067 5.38665 90.08212
31.90059 5.138747 90.08212
32.33913 4.908068 90.08212
32.79507 4.712104 90.08212
33.25101 4.516139 90.08212
33.7066 4.31937 90.08212
34.15738 4.111791 90.08212
34.60814 3.904212 90.08212
35.06559 3.711897 90.08212
35.51376 3.500508 90.08212
Stroke End
-16.15595 4.790395 90.08212
-15.88323 4.715032 90.08212
-15.60245 4.69905 90.08212
-15.3195 4.69905 90.08212
-15.03656 4.699049 90.08212
-14.75361 4.699049 90.08212
-14.47067 4.699049 90.08212
-14.18772 4.699049 90.08212
-13.90477 4.699049 90.08212
-13.62183 4.699049 90.08212
-13.33888 4.699049 90.08212
-13.056 4.704385 90.08212
-12.77315 4.711656 90.08212
-12.4903 4.718926 90.08212
-12.20745 4.726197 90.08212
-11.92459 4.733469 90.08212
-11.64174 4.740739 90.08212
-11.35889 4.74801 90.08212
-11.07604 4.755281 90.08212
-10.79318 4.762552 90.08212
-10.51033 4.769823 90.08212
-10.22748 4.777093 90.08212
-9.944625 4.784364 90.08212
-9.662025 4.795487 90.08212
-9.380654 4.825305 90.08212
-9.099284 4.855124 90.08212
-8.817914 4.884942 90.08212
-8.536543 4.91476 90.08212
-8.255173 4.944578 90.08212
-7.973803 4.974396 90.08212
-7.692431 5.004214 90.08212
-7.411061 5.034032 90.08212
-7.12969 5.063851 90.08212
-6.848319 5.093669 90.08212
-6.566949 5.123487 90.08212
-6.285578 5.153305 90.08212
-6.004208 5.183123 90.08212
-5.722837 5.212942 90.08212
-5.441467 5.24276 90.08212
-5.160096 5.272578 90.08212
-4.878726 5.302396 90.08212
-4.597355 5.332214 90.08212
-4.315985 5.362032 90.08212
-4.034614 5.39185 90.08212
-3.753244 5.421669 90.08212
-3.47303 5.46051 90.08212
-3.193244 5.502679 90.08212
-2.913458 5.544848 90.08212
-2.633671 5.587017 90.08212
-2.353885 5.629186 90.08212
-2.074099 5.671354 90.08212
-1.794464 5.714478 90.08212
-1.515327 5.760754 90.08212
-1.236192 5.807029 90.08212
-0.9570547 5.853304 90.08212
-0.6779189 5.89958 90.08212
-0.3987821 5.945856 90.08212
-0.1196464 5.992131 90.08212
0.1594896 6.038406 90.08212
0.4386273 6.084682 90.08212
0.7177631 6.130957 90.08212
0.9968989 6.177232 90.08212
1.276035 6.223508 90.08212
1.555381 6.268477 90.08212
1.835051 6.311407 90.08212
2.114721 6.354337 90.08212
2.394392 6.397267 90.08212
2.674062 6.440197 90.08212
2.953732 6.483126 90.08212
3.233402 6.526056 90.08212
3.513074 6.568986 90.08212
3.792744 6.611916 90.08212
4.072413 6.654846 90.08212
4.352084 6.697775 90.08212
4.629508 6.752946 90.08212
4.906194 6.812133 90.08212
5.18288 6.871321 90.08212
5.459566 6.930508 90.08212
5.736254 6.989696 90.08212
6.012939 7.048884 90.08212
6.289626 7.108071 90.08212
6.566313 7.167259 90.08212
6.842999 7.226447 90.08212
7.120941 7.27898 90.08212
7.400168 7.324697 90.08212
7.679399 7.370413 90.08212
7.958626 7.41613 90.08212
8.237854 7.461846 90.08212
8.517082 7.507563 90.08212
8.796312 7.55328 90.08212
9.075541 7.598996 90.08212
9.354721 7.644997 90.08212
9.633856 7.691277 90.08212
9.912993 7.737558 90.08212
10.19213 7.783838 90.08212
10.47126 7.830119 90.08212
10.7504 7.8764 90.08212
11.03052 7.915813 90.08212
11.31136 7.950298 90.08212
11.5922 7.984783 90.08212
Stroke End
-26.23793 -14.57241 90.08212
-25.84209 -14.43926 90.08212
-25.44626 -14.30612 90.08212
-25.05043 -14.17297 90.08212
-24.6546 -14.03983 90.08212
-24.25744 -13.91103 90.08212
-23.8549 -13.79981 90.08212
-23.45236 -13.68858 90.08212
-23.04982 -13.57736 90.08212
-22.64709 -13.46683 90.08212
-22.24254 -13.36316 90.08212
-21.83799 -13.25948 90.08212
-21.43344 -13.1558 90.08212
-21.02889 -13.05212 90.08212
-20.62434 -12.94844 90.08212
-20.21979 -12.84476 90.08212
-19.81524 -12.74108 90.08212
-19.41069 -12.6374 90.08212
-19.00614 -12.53372 90.08212
-18.60159 -12.43005 90.08212
-18.19704 -12.32637 90.08212
-17.79249 -12.22269 90.08212
-17.38794 -12.11901 90.08212
-16.98339 -12.01533 90.08212
-16.57628 -11.92221 90.08212
-16.16916 -11.82912 90.08212
-15.76205 -11.73602 90.08212
-15.35493 -11.64293 90.08212
-14.94781 -11.54984 90.08212
-14.5402 -11.45924 90.08212
-14.12858 -11.38865 90.08212
-13.71697 -11.31806 90.08212
-13.30536 -11.24746 90.08212
-12.89374 -11.17687 90.08212
-12.48213 -11.10628 90.08212
-12.07051 -11.03569 90.08212
-11.6589 -10.9651 90.08212
-11.24728 -10.8945 90.08212
-10.83567 -10.82391 90.08212
-10.42405 -10.75332 90.08212
-10.01244 -10.68273 90.08212
-9.601705 -10.60735 90.08212
-9.191984 -10.52649 90.08212
-8.782264 -10.44562 90.08212
-8.372541 -10.36476 90.08212
-7.962821 -10.2839 90.08212
-7.553099 -10.20304 90.08212
-7.143378 -10.12218 90.08212
-6.733658 -10.04132 90.08212
-6.323936 -9.960456 90.08212
-5.914215 -9.879594 90.08212
-5.504495 -9.798733 90.08212
-5.094556 -9.719019 90.08212
-4.683569 -9.644859 90.08212
-4.272583 -9.570701 90.08212
-3.861595 -9.496541 90.08212
-3.450608 -9.422381 90.08212
-3.039622 -9.348222 90.08212
-2.628633 -9.274062 90.08212
-2.217647 -9.199903 90.08212
-1.806659 -9.125743 90.08212
-1.395672 -9.051584 90.08212
-0.9838231 -8.982842 90.08212
-0.570127 -8.925689 90.08212
-0.1564329 -8.868535 90.08212
0.2572613 -8.811381 90.08212
0.6709573 -8.754227 90.08212
1.084652 -8.697073 90.08212
1.498346 -8.639919 90.08212
1.912042 -8.582766 90.08212
2.325736 -8.525612 90.08212
2.739432 -8.468457 90.08212
3.15168 -8.401921 90.08212
3.563395 -8.331919 90.08212
3.975111 -8.261915 90.08212
4.386826 -8.191912 90.08212
4.798541 -8.121909 90.08212
5.210256 -8.051906 90.08212
5.621972 -7.981903 90.08212
6.033689 -7.9119 90.08212
6.450235 -7.885707 90.08212
6.86731 -7.864265 90.08212
7.284385 -7.842824 90.08212
7.701456 -7.821383 90.08212
8.11853 -7.799942 90.08212
8.535605 -7.778501 90.08212
8.952676 -7.75706 90.08212
9.369751 -7.735619 90.08212
9.786541 -7.709812 90.08212
10.20287 -7.676946 90.08212
10.6192 -7.64408 90.08212
11.03553 -7.611213 90.08212
11.45186 -7.578347 90.08212
11.86818 -7.545481 90.08212
12.28301 -7.497748 90.08212
12.69753 -7.446845 90.08212
13.11203 -7.395942 90.08212
13.52565 -7.339204 90.08212
13.93636 -7.263544 90.08211
14.34707 -7.187884 90.08211
Stroke End
-5.330225 3.511694 90.08212
-5.20661 3.122848 90.08212
-5.082994 2.734002 90.08212
-4.959378 2.345155 90.08212
-4.835762 1.95631 90.08212
-4.712146 1.567463 90.08212
-4.588531 1.178617 90.08212
-4.464915 0.7897713 90.08212
-4.341299 0.4009251 90.08212
-4.224794 0.01004545 90.08212
-4.124169 -0.3853744 90.08212
-4.023544 -0.7807938 90.08212
-3.92292 -1.176214 90.08212
-3.822294 -1.571633 90.08212
-3.721669 -1.967053 90.08212
-3.621044 -2.362473 90.08212
-3.520419 -2.757892 90.08212
-3.4588 -3.16106 90.08212
-3.400666 -3.56492 90.08212
-3.342533 -3.968779 90.08212
-3.284399 -4.372639 90.08212
-3.226265 -4.776498 90.08212
-3.168131 -5.180358 90.08212
-3.109997 -5.584218 90.08212
-3.051863 -5.988077 90.08212
-2.99373 -6.391936 90.08212
-2.935596 -6.795796 90.08212
-2.898988 -7.202153 90.08212
-2.86311 -7.608595 90.08212
-2.827231 -8.015038 90.08212
-2.791353 -8.421478 90.08212
-2.755475 -8.827921 90.08212
-2.719597 -9.234363 90.08212
-2.683718 -9.640803 90.08212
-2.64784 -10.04725 90.08212
-2.611962 -10.45369 90.08212
-2.597335 -10.86127 90.08212
-2.589646 -11.26922 90.08212
-2.581956 -11.67717 90.08212
-2.574266 -12.08512 90.08212
-2.566576 -12.49307 90.08212
-2.558887 -12.90102 90.08211
-2.551197 -13.30897 90.08211
-2.543507 -13.71692 90.08211
-2.535818 -14.12486 90.08211
-2.528128 -14.53281 90.08211
-2.520495 -14.94077 90.08211
-2.520495 -15.34879 90.08211
-2.520495 -15.75681 90.08211
-2.520495 -16.16483 90.08211
-2.520495 -16.57285 90.08211
-2.520495 -16.98088 90.08211
-2.520495 -17.3889 90.08211
-2.520495 -17.79692 90.08211
-2.520495 -18.20494 90.08211
-2.521374 -18.61295 90.08211
-2.537769 -19.02064 90.08211
-2.554163 -19.42834 90.08211
-2.570558 -19.83603 90.08211
-2.586952 -20.24372 90.08211
-2.603347 -20.65141 90.08211
-2.619741 -21.0591 90.08211
-2.636136 -21.4668 90.08211
-2.652531 -21.87449 90.08211
-2.668925 -22.28218 90.08211
-2.68532 -22.68988 90.08211
-2.685773 -23.09789 90.08211
-2.685773 -23.50591 90.08211
-2.685774 -23.91393 90.08211
-2.685774 -24.32196 90.08211
-2.685774 -24.72998 90.08211
-2.685774 -25.138 90.08211
-2.685775 -25.54602 90.08211
-2.685775 -25.95405 90.08211
-2.694474 -26.36168 90.08211
-2.730352 -26.76813 90.08211
-2.76623 -27.17457 90.08211
-2.802108 -27.58101 90.08211
-2.837986 -27.98745 90.08211
-2.873864 -28.39389 90.08211
-2.909742 -28.80034 90.08211
-2.94562 -29.20678 90.08211
-2.981498 -29.61322 90.08211
-3.016831 -30.01969 90.08211
-3.033987 -30.42736 90.08211
-3.051143 -30.83502 90.08211
-3.068299 -31.24268 90.08211
-3.085455 -31.65034 90.08211
-3.10261 -32.058 90.0821
-3.119766 -32.46566 90.0821
-3.136922 -32.87332 90.0821
-3.154078 -33.28099 90.0821
-3.171234 -33.68865 90.0821
-3.194829 -34.09591 90.0821
-3.22828 -34.50256 90.0821
-3.26173 -34.9092 90.0821
-3.264253 -35.31712 90.0821
-3.264253 -35.72515 90.0821
-3.264253 -36.13317 90.0821
-3.264254 -36.54119 90.0821
Stroke End
-22.84972 -18.0431 90.08211
-22.77722 -18.23007 90.08211
-22.70472 -18.41704 90.08211
-22.63222 -18.604 90.08211
-22.53643 -18.77876 90.08211
-22.42383 -18.94469 90.08211
-22.31123 -19.11063 90.08211
-22.19863 -19.27656 90.08211
-22.08603 -19.4425 90.08211
-21.97342 -19.60843 90.08211
-21.86082 -19.77437 90.08211
-21.74822 -19.9403 90.08211
-21.63562 -20.10624 90.08211
-21.52302 -20.27217 90.08211
-21.41042 -20.4381 90.08211
-21.29281 -20.60045 90.08211
-21.17147 -20.7601 90.08211
-21.05013 -20.91975 90.08211
-20.92879 -21.07941 90.08211
-20.80744 -21.23906 90.08211
-20.6861 -21.39872 90.08211
-20.56476 -21.55837 90.08211
-20.44342 -21.71802 90.08211
-20.32207 -21.87768 90.08211
-20.20073 -22.03733 90.08211
-20.07939 -22.19699 90.08211
-19.95805 -22.35664 90.08211
-19.8367 -22.51629 90.08211
-19.71536 -22.67595 90.08211
-19.59222 -22.83417 90.08211
-19.4642 -22.98852 90.08211
-19.33618 -23.14287 90.08211
-19.20816 -23.29722 90.08211
-19.08014 -23.45158 90.08211
-18.95212 -23.60593 90.08211
-18.8241 -23.76028 90.08211
-18.69608 -23.91463 90.08211
-18.56806 -24.06898 90.08211
-18.44004 -24.22333 90.08211
-18.31202 -24.37769 90.08211
-18.184 -24.53204 90.08211
-18.05598 -24.68639 90.08211
-17.92796 -24.84074 90.08211
-17.80001 -24.99515 90.08211
-17.67299 -25.15032 90.08211
-17.54596 -25.30549 90.08211
-17.41893 -25.46066 90.08211
-17.29191 -25.61583 90.08211
-17.16488 -25.771 90.08211
-17.03785 -25.92617 90.08211
-16.91083 -26.08134 90.08211
-16.7838 -26.23651 90.08211
-16.65677 -26.39168 90.08211
-16.52975 -26.54684 90.08211
-16.40272 -26.70201 90.08211
-16.27569 -26.85718 90.08211
-16.14334 -27.00777 90.08211
-16.0088 -27.15647 90.08211
-15.87426 -27.30517 90.08211
-15.73971 -27.45387 90.08211
-15.60517 -27.60257 90.08211
-15.47063 -27.75127 90.08211
-15.33608 -27.89997 90.08211
-15.20154 -28.04867 90.08211
-15.067 -28.19737 90.08211
-14.93245 -28.34607 90.08211
-14.79791 -28.49477 90.08211
-14.66337 -28.64347 90.08211
-14.52882 -28.79217 90.08211
-14.39428 -28.94086 90.08211
-14.25974 -29.08956 90.08211
-14.11742 -29.23082 90.08211
-13.97483 -29.37182 90.08211
-13.83224 -29.51283 90.08211
-13.68965 -29.65383 90.08211
-13.54706 -29.79483 90.08211
-13.40447 -29.93583 90.08211
-13.26188 -30.07683 90.08211
-13.11928 -30.21783 90.08211
-12.97669 -30.35883 90.08211
-12.8341 -30.49983 90.08211
-12.69151 -30.64084 90.08211
-12.54423 -30.77692 90.08211
-12.39673 -30.91278 90.08211
-12.24922 -31.04863 90.08211
-12.10172 -31.18448 90.08211
-11.95422 -31.32034 90.08211
-11.80672 -31.45619 90.08211
-11.65921 -31.59204 90.08211
-11.51171 -31.72789 90.08211
-11.3642 -31.86375 90.08211
-11.2167 -31.9996 90.08211
-11.0701 -32.13643 90.08211
-10.92364 -32.2734 90.08211
-10.77717 -32.41037 90.08211
-10.6307 -32.54734 90.08211
-10.48424 -32.68431 90.08211
-10.33777 -32.82129 90.08211
-10.19131 -32.95826 90.08211
-10.03682 -33.08558 90.08211
Stroke End
18.80041 -15.39443 90.08211
18.6211 -15.64215 90.08211
18.44386 -15.89129 90.08211
18.27788 -16.14813 90.08211
18.11189 -16.40497 90.08211
17.94589 -16.66181 90.08211
17.7799 -16.91865 90.08211
17.61069 -17.17323 90.08211
17.42658 -17.41741 90.08211
17.24247 -17.66158 90.08211
17.05836 -17.90576 90.08211
16.87424 -18.14994 90.08211
16.69013 -18.39411 90.08211
16.50602 -18.63829 90.08211
16.31253 -18.87472 90.08211
16.10736 -19.10148 90.08211
15.90218 -19.32824 90.08211
15.697 -19.555 90.08211
15.49183 -19.78177 90.08211
15.28665 -20.00853 90.08211
15.08148 -20.23529 90.08211
14.8763 -20.46206 90.08211
14.67112 -20.68882 90.08211
14.46595 -20.91558 90.08211
14.26077 -21.14235 90.08211
14.05371 -21.36732 90.08211
13.83728 -21.58337 90.08211
13.62085 -21.79942 90.08211
13.40443 -22.01547 90.08211
13.188 -22.23152 90.08211
12.97157 -22.44757 90.08211
12.75514 -22.66362 90.08211
12.53872 -22.87967 90.08211
12.32229 -23.09572 90.08211
12.10586 -23.31177 90.08211
11.88943 -23.52782 90.08211
11.67301 -23.74388 90.08211
11.45584 -23.95918 90.08211
11.23717 -24.17296 90.08211
11.01851 -24.38675 90.08211
10.79984 -24.60053 90.08211
10.58118 -24.81432 90.08211
10.36251 -25.02811 90.08211
10.14385 -25.24189 90.08211
9.925184 -25.45568 90.08211
9.70652 -25.66947 90.08211
9.487855 -25.88325 90.08211
9.261213 -26.08822 90.08211
9.026741 -26.28454 90.08211
8.792269 -26.48086 90.08211
8.557796 -26.67719 90.08211
8.323324 -26.8735 90.08211
8.088852 -27.06982 90.08211
7.85438 -27.26615 90.08211
7.619907 -27.46247 90.08211
7.385436 -27.65879 90.08211
7.150964 -27.85511 90.08211
6.916491 -28.05143 90.08211
6.682019 -28.24775 90.08211
6.436118 -28.42941 90.08211
6.188566 -28.60896 90.08211
5.941015 -28.78851 90.08211
5.693463 -28.96805 90.08211
5.445913 -29.1476 90.08211
5.198362 -29.32715 90.08211
4.95081 -29.50669 90.08211
4.70326 -29.68624 90.08211
4.455709 -29.86579 90.08211
4.208158 -30.04534 90.08211
3.963938 -30.22906 90.08211
3.73379 -30.43043 90.08211
3.50364 -30.63181 90.08211
3.273491 -30.83318 90.08211
3.043342 -31.03455 90.08211
2.813194 -31.23592 90.0821
2.583044 -31.43729 90.0821
2.352895 -31.63866 90.0821
2.122746 -31.84003 90.0821
1.892438 -32.04122 90.0821
1.662012 -32.24228 90.0821
1.431585 -32.44333 90.0821
1.20116 -32.64438 90.0821
0.9707328 -32.84543 90.0821
0.7403061 -33.04649 90.0821
0.5098794 -33.24754 90.0821
0.2640066 -33.42883 90.0821
0.01324628 -33.60387 90.0821
-0.237514 -33.77891 90.0821
-0.4882743 -33.95395 90.0821
-0.739033 -34.12898 90.0821
-0.9897934 -34.30402 90.0821
-1.251029 -34.46169 90.0821
-1.522817 -34.60187 90.0821
-1.794603 -34.74205 90.0821
-2.066391 -34.88223 90.0821
-2.338179 -35.02241 90.0821
-2.62418 -35.13029 90.0821
-2.911134 -35.23601 90.0821
-3.198092 -35.34172 90.0821
-3.485049 -35.44743 90.0821
Stroke End
-35.08031 -39.32391 90.08211
-34.48855 -39.24215 90.08211
-33.90555 -39.11305 90.08211
-33.32371 -38.97767 90.08211
-32.74268 -38.83902 90.08211
-32.16526 -38.68585 90.08211
-31.58785 -38.53269 90.08211
-31.01043 -38.37952 90.08211
-30.42854 -38.24528 90.08211
-29.84373 -38.12333 90.08211
-29.25893 -38.00138 90.08211
-28.67413 -37.87943 90.08211
-28.08932 -37.75748 90.08211
-27.50452 -37.63554 90.08211
-26.91971 -37.51358 90.08211
-26.33487 -37.39183 90.08211
-25.74973 -37.27151 90.08211
-25.16459 -37.1512 90.08211
-24.57944 -37.03088 90.08211
-23.9943 -36.91056 90.08211
-23.40916 -36.79025 90.08211
-22.82386 -36.67074 90.08211
-22.23526 -36.56869 90.08211
-21.64665 -36.46664 90.08211
-21.05805 -36.3646 90.08211
-20.46945 -36.26255 90.08211
-19.88084 -36.16051 90.08211
-19.29224 -36.05846 90.08211
-18.70364 -35.95642 90.08211
-18.11534 -35.85262 90.08211
-17.52708 -35.7486 90.08211
-16.93882 -35.64458 90.08211
-16.34878 -35.55257 90.08211
-15.75571 -35.48088 90.08211
-15.16265 -35.40919 90.08211
-14.56958 -35.3375 90.08211
-13.97651 -35.2658 90.08211
-13.38345 -35.19411 90.0821
-12.79038 -35.12242 90.0821
-12.19731 -35.05073 90.0821
-11.60425 -34.97903 90.0821
-11.0114 -34.90559 90.0821
-10.41881 -34.83002 90.0821
-9.826229 -34.75445 90.0821
-9.233643 -34.67888 90.0821
-8.638178 -34.63302 90.0821
-8.042114 -34.59333 90.0821
-7.44605 -34.55365 90.0821
-6.849987 -34.51397 90.0821
-6.253921 -34.47428 90.0821
-5.657857 -34.43459 90.0821
-5.061794 -34.39491 90.0821
-4.46573 -34.35522 90.0821
-3.869665 -34.31554 90.0821
-3.273601 -34.27585 90.0821
-2.677535 -34.23616 90.0821
-2.08105 -34.2092 90.0821
-1.483665 -34.2092 90.0821
-0.8862836 -34.2092 90.0821
-0.2889317 -34.20588 90.0821
0.3083332 -34.19387 90.0821
0.9055942 -34.18187 90.0821
1.502859 -34.16986 90.0821
2.10012 -34.15786 90.0821
2.697385 -34.14585 90.0821
3.29465 -34.13385 90.0821
3.891911 -34.12185 90.0821
4.488816 -34.09913 90.0821
5.085539 -34.07107 90.0821
5.682265 -34.04301 90.0821
6.278991 -34.01495 90.0821
6.875713 -33.98689 90.0821
7.47244 -33.95882 90.0821
8.069243 -33.93311 90.0821
8.666483 -33.91991 90.0821
9.263722 -33.90671 90.0821
9.860959 -33.89351 90.0821
10.4582 -33.8803 90.0821
11.05544 -33.8671 90.0821
11.65267 -33.8539 90.0821
12.24961 -33.83398 90.0821
12.84557 -33.79282 90.0821
13.44153 -33.75166 90.0821
14.0375 -33.71049 90.0821
14.63346 -33.66933 90.0821
15.22984 -33.63474 90.0821
15.82631 -33.60178 90.0821
16.42278 -33.56882 90.0821
17.01926 -33.53585 90.0821
17.61573 -33.50289 90.0821
18.21244 -33.47853 90.0821
18.80983 -33.47852 90.0821
19.40721 -33.47852 90.0821
20.0046 -33.47852 90.0821
20.60198 -33.47852 90.0821
21.19937 -33.47852 90.0821
21.79675 -33.47853 90.0821
22.39413 -33.47852 90.0821
22.99152 -33.47852 90.0821
23.58187 -33.56804 90.0821
Stroke End
