3
-25.57682 17.02912 90.08212
-25.46884 16.6711 90.08212
-25.36086 16.31308 90.08212
-25.25289 15.95507 90.08212
-25.15841 15.59327 90.08212
-25.06482 15.23123 90.08212
-24.97122 14.86918 90.08212
-24.88002 14.50654 90.08212
-24.79231 14.14303 90.08212
-24.7046 13.77951 90.08212
-24.61689 13.416 90.08212
-24.52542 13.05342 90.08212
-24.43183 12.69138 90.08212
-24.33824 12.32934 90.08212
-24.24464 11.96729 90.08212
-24.15105 11.60525 90.08212
-24.06589 11.24133 90.08212
-23.99708 10.87377 90.08212
-23.92828 10.50621 90.08212
-23.85947 10.13865 90.08212
-23.79066 9.771085 90.08212
-23.72186 9.403524 90.08212
-23.65305 9.035963 90.08212
-23.58358 8.66853 90.08212
-23.50987 8.301921 90.08212
-23.43616 7.935313 90.08212
-23.36245 7.568704 90.08212
-23.28873 7.202096 90.08212
-23.21502 6.835486 90.08212
-23.14131 6.468878 90.08212
-23.06805 6.10218 90.08212
-22.99544 5.73535 90.08212
-22.92284 5.36852 90.08212
-22.85023 5.00169 90.08212
-22.77763 4.634861 90.08212
-22.70502 4.268032 90.08212
-22.63242 3.901202 90.08212
-22.55981 3.534373 90.08212
-22.4921 3.166651 90.08212
-22.43062 2.797793 90.08212
-22.36915 2.428936 90.08212
-22.30767 2.060078 90.08212
-22.24619 1.691221 90.08212
-22.18471 1.322364 90.08212
-22.12323 0.9535056 90.08212
-22.06175 0.5846489 90.08212
-22.00027 0.2157919 90.08212
-21.93835 -0.1529827 90.08212
-21.86262 -0.5191804 90.08212
-21.78688 -0.8853762 90.08212
-21.71115 -1.251572 90.08212
-21.63542 -1.61777 90.08212
-21.55968 -1.983966 90.08212
-21.48395 -2.350161 90.08212
-21.40821 -2.716357 90.08212
-21.33248 -3.082555 90.08212
-21.26056 -3.449471 90.08212
-21.19746 -3.818055 90.08212
-21.13437 -4.186639 90.08212
-21.07128 -4.555225 90.08212
-21.00818 -4.92381 90.08212
-20.94509 -5.292393 90.08212
-20.882 -5.660978 90.08212
-20.8189 -6.029563 90.08212
-20.75581 -6.398148 90.08212
-20.69435 -6.766984 90.08212
-20.64356 -7.137466 90.08212
-20.59277 -7.507946 90.08212
-20.54198 -7.878426 90.08212
-20.49119 -8.248905 90.08212
-20.4404 -8.619388 90.08212
-20.38961 -8.989867 90.08212
-20.33883 -9.360347 90.08212
-20.28803 -9.730827 90.08212
-20.24599 -10.1024 90.08212
-20.20396 -10.47398 90.08212
-20.16194 -10.84556 90.08212
-20.11991 -11.21713 90.08212
-20.07788 -11.58871 90.08212
-20.03586 -11.96029 90.08212
-19.99383 -12.33186 90.08212
-19.95124 -12.70337 90.08212
-19.90493 -13.07444 90.08212
-19.85863 -13.44551 90.08212
-19.81231 -13.81657 90.08212
-19.76601 -14.18764 90.08212
-19.7197 -14.5587 90.08212
-19.67339 -14.92977 90.08212
-19.62708 -15.30084 90.08212
-19.61152 -15.67445 90.08212
-19.59616 -16.04808 90.08212
-19.58079 -16.42171 90.08211
-19.56543 -16.79534 90.08211
-19.55006 -17.16897 90.08211
-19.51827 -17.54134 90.08211
-19.47624 -17.91291 90.08211
-19.4416 -18.28521 90.08211
-19.41095 -18.6579 90.08211
-19.38029 -19.03059 90.08211
-19.37888 -19.40448 90.08211
Stroke End
-23.67612 16.48112 90.08212
-22.8879 16.65324 90.08212
-22.10956 16.8683 90.08212
-21.32436 17.05576 90.08212
-20.53588 17.23005 90.08212
-19.7474 17.40433 90.08212
-18.95893 17.57862 90.08212
-18.17045 17.75291 90.08212
-17.38198 17.9272 90.08212
-16.58932 18.07855 90.08212
-15.79007 18.19376 90.08212
-14.99082 18.30898 90.08212
-14.19158 18.42419 90.08212
-13.39233 18.5394 90.08212
-12.5915 18.64267 90.08212
-11.78976 18.73899 90.08212
-10.98802 18.83532 90.08212
-10.18628 18.93164 90.08212
-9.384532 19.02796 90.08212
-8.581531 19.11307 90.08212
-7.778376 19.19681 90.08212
-6.975219 19.28055 90.08212
-6.172064 19.36428 90.08212
-5.368909 19.44802 90.08212
-4.565701 19.53125 90.08212
-3.762427 19.61384 90.08212
-2.959153 19.69643 90.08212
-2.155879 19.77902 90.08212
-1.352605 19.86162 90.08212
-0.54945 19.94537 90.08212
0.2537044 20.02911 90.08212
1.056859 20.11285 90.08212
1.860013 20.19659 90.08212
2.663168 20.28033 90.08212
3.465533 20.37111 90.08212
4.267277 20.46742 90.08212
5.069022 20.56373 90.08212
5.870769 20.66004 90.08212
6.672513 20.75635 90.08212
7.476191 20.83444 90.08212
8.280293 20.90851 90.08212
9.084463 20.98188 90.08212
9.888751 21.05395 90.08212
10.69304 21.12602 90.08212
11.49732 21.1981 90.08212
12.30007 21.28468 90.08212
13.10156 21.3831 90.08212
13.90304 21.48152 90.08212
14.70605 21.56638 90.08212
15.50951 21.64711 90.08212
16.31501 21.68715 90.08212
17.12252 21.68715 90.08212
17.93003 21.68715 90.08212
18.68803 21.53735 90.08212
18.88304 20.79096 90.08212
18.88304 19.98345 90.08212
18.88304 19.17594 90.08212
18.88304 18.36843 90.08212
18.88304 17.56092 90.08212
18.88297 16.75342 90.08212
18.84979 15.94659 90.08212
18.81661 15.13976 90.08212
18.74981 14.3357 90.08212
18.65093 13.53427 90.08212
18.55201 12.73284 90.08212
18.44472 11.93249 90.08212
18.33744 11.13214 90.08212
18.23016 10.33179 90.08212
18.10301 9.534373 90.08212
17.97421 8.737201 90.08212
17.84541 7.940031 90.08212
17.70174 7.145461 90.08212
17.55216 6.351929 90.08212
17.40258 5.558394 90.08212
17.28945 4.758891 90.08212
17.17811 3.959096 90.08212
17.06678 3.159297 90.08212
16.95545 2.359502 90.08212
16.83168 1.561633 90.08212
16.69543 0.7657033 90.08212
16.55919 -0.03022691 90.08212
16.42294 -0.8261607 90.08212
16.29071 -1.622741 90.08212
16.17029 -2.421223 90.08212
16.04988 -3.219705 90.08212
15.93408 -4.01885 90.08212
15.82162 -4.818459 90.08212
15.66244 -5.610126 90.08212
15.50326 -6.401793 90.08211
15.34408 -7.19346 90.08211
15.15375 -7.978145 90.08211
14.96029 -8.762136 90.08211
14.7531 -9.542366 90.08211
14.51993 -10.31548 90.08211
14.28676 -11.08858 90.08211
14.05359 -11.8617 90.08211
13.82242 -12.63539 90.08211
13.61089 -13.4147 90.08211
13.39935 -14.19401 90.08211
13.16763 -14.96718 90.08211
Stroke End
-18.05665 -17.76909 90.08211
-17.71165 -17.63043 90.08211
-17.36664 -17.49178 90.08211
-17.01782 -17.3639 90.08211
-16.66237 -17.25478 90.08211
-16.30692 -17.14566 90.08211
-15.95146 -17.03653 90.08211
-15.59445 -16.93348 90.08211
-15.23036 -16.85803 90.08211
-14.86627 -16.78258 90.08211
-14.50218 -16.70713 90.08211
-14.13808 -16.63168 90.08211
-13.77399 -16.55623 90.08211
-13.4099 -16.48079 90.08211
-13.04581 -16.40534 90.08211
-12.67811 -16.35043 90.08211
-12.31009 -16.29738 90.08211
-11.94207 -16.24432 90.08211
-11.57405 -16.19127 90.08211
-11.20602 -16.13822 90.08211
-10.838 -16.08517 90.08211
-10.46998 -16.03211 90.08211
-10.10196 -15.97906 90.08211
-9.733934 -15.92601 90.08211
-9.365911 -15.87295 90.08211
-8.997283 -15.82445 90.08211
-8.628228 -15.77913 90.08211
-8.259174 -15.73381 90.08211
-7.89012 -15.68849 90.08211
-7.521066 -15.64317 90.08211
-7.152011 -15.59785 90.08211
-6.782957 -15.55252 90.08211
-6.413902 -15.5072 90.08211
-6.044847 -15.46188 90.08211
-5.675794 -15.41656 90.08211
-5.306739 -15.37124 90.08211
-4.937685 -15.32592 90.08211
-4.569142 -15.27676 90.08211
-4.201121 -15.22371 90.08211
-3.833098 -15.17065 90.08211
-3.465076 -15.1176 90.08211
-3.097054 -15.06455 90.08211
-2.72814 -15.01955 90.08211
-2.357426 -14.9908 90.08211
-1.986712 -14.96204 90.08211
-1.615999 -14.93329 90.08211
-1.245286 -14.90454 90.08211
-0.8745734 -14.87579 90.08211
-0.5038587 -14.84704 90.08211
-0.1331458 -14.81828 90.08211
0.2375671 -14.78953 90.08211
0.608282 -14.76078 90.08211
0.9789946 -14.73203 90.08211
1.349707 -14.70328 90.08211
1.72042 -14.67453 90.08211
2.09081 -14.64198 90.08211
2.461002 -14.60716 90.08211
2.831194 -14.57234 90.08211
3.201385 -14.53751 90.08211
3.571579 -14.50269 90.08211
3.941772 -14.46787 90.08211
4.311964 -14.43305 90.08211
4.682156 -14.39823 90.08211
5.05235 -14.36341 90.08211
5.422542 -14.32858 90.08211
5.792951 -14.2984 90.08211
6.164779 -14.2984 90.08211
6.536605 -14.2984 90.08211
6.908432 -14.2984 90.08211
7.280258 -14.2984 90.08211
7.652086 -14.2984 90.08211
8.023911 -14.2984 90.08211
8.395738 -14.2984 90.08211
8.767564 -14.2984 90.08211
9.139392 -14.2984 90.08211
9.511218 -14.2984 90.08211
9.883044 -14.2984 90.08211
10.25487 -14.2984 90.08211
10.6267 -14.2984 90.08211
10.99852 -14.2984 90.08211
11.37035 -14.2984 90.08211
11.74218 -14.2984 90.08211
12.11401 -14.2984 90.08211
12.48583 -14.2984 90.08211
12.85766 -14.2984 90.08211
13.22747 -14.32767 90.08211
13.5958 -14.37855 90.08211
13.96413 -14.42944 90.08211
14.33246 -14.48032 90.08211
14.70079 -14.53121 90.08211
15.0675 -14.59022 90.08211
15.42736 -14.68381 90.08211
15.78721 -14.77739 90.08211
16.14707 -14.87098 90.08211
16.50379 -14.97457 90.08211
16.8527 -15.1031 90.08211
17.1813 -15.27604 90.08211
17.49734 -15.47177 90.08211
17.81183 -15.67014 90.08211
18.13727 -15.84998 90.08211
Stroke End
