10
metal
110
-14.42053 35.93523 90.08213
-14.54578 35.42768 90.08213
-14.67155 34.92028 90.08213
-14.82251 34.41978 90.08213
-14.95678 33.91502 90.08213
-15.06363 33.40329 90.08213
-15.17048 32.89155 90.08213
-15.27733 32.37981 90.08213
-15.38418 31.86808 90.08213
-15.53032 31.36673 90.08213
-15.69042 30.86908 90.08213
-15.85052 30.37142 90.08213
-16.01062 29.87377 90.08213
-16.17072 29.37612 90.08212
-16.33081 28.87846 90.08212
-16.49091 28.38081 90.08212
-16.65101 27.88315 90.08212
-16.83764 27.39573 90.08212
-17.05311 26.91943 90.08212
-17.26859 26.44313 90.08212
-17.4851 25.96735 90.08212
-17.73806 25.50985 90.08212
-17.99102 25.05236 90.08212
-18.24399 24.59487 90.08212
-18.49695 24.13737 90.08212
-18.74991 23.67988 90.08212
-19.00287 23.22238 90.08212
-19.25584 22.76489 90.08212
-19.51893 22.31317 90.08212
-19.78395 21.86256 90.08212
-20.04897 21.41194 90.08212
-20.31399 20.96132 90.08212
-20.57901 20.51071 90.08212
-20.84403 20.06009 90.08212
-21.10905 19.60947 90.08212
-21.37407 19.15886 90.08212
-21.6644 18.72449 90.08212
-21.96395 18.29605 90.08212
-22.26349 17.86761 90.08212
-22.56304 17.43917 90.08212
-22.86259 17.01073 90.08212
-23.16214 16.58228 90.08212
-23.46169 16.15384 90.08212
-23.76124 15.7254 90.08212
-24.06079 15.29696 90.08212
-24.37025 14.87596 90.08212
-24.69789 14.46859 90.08212
-25.02552 14.06123 90.08212
-25.35315 13.65386 90.08212
-25.68078 13.24649 90.08212
-26.00842 12.83913 90.08212
-26.33605 12.43176 90.08212
-26.66368 12.02439 90.08212
-26.99132 11.61703 90.08212
-27.31895 11.20966 90.08212
-27.64905 10.80432 90.08212
-27.98602 10.40465 90.08212
-28.32299 10.00497 90.08212
-28.65996 9.605291 90.08212
-28.99693 9.205615 90.08212
-29.3339 8.805939 90.08212
-29.67088 8.406261 90.08212
-30.00785 8.006583 90.08212
-30.34482 7.606909 90.08212
-30.68179 7.207231 90.08212
-31.0255 6.813733 90.08212
-31.39471 6.443637 90.08212
-31.76392 6.073538 90.08212
-32.13314 5.703439 90.08212
-32.50235 5.33334 90.08212
-32.87156 4.963243 90.08212
-33.24078 4.593145 90.08212
-33.60999 4.223046 90.08212
-33.97921 3.85295 90.08212
-34.34842 3.482851 90.08212
-34.69949 3.096056 90.08212
-35.03765 2.697392 90.08212
-35.37582 2.298726 90.08212
-35.71399 1.900059 90.08212
-36.05215 1.501393 90.08212
-36.39032 1.102729 90.08212
-36.72849 0.7040627 90.08212
-37.06812 0.3066539 90.08212
-37.41205 -0.0870433 90.08212
-37.75599 -0.4807434 90.08212
-38.09993 -0.8744435 90.08212
-38.44386 -1.268141 90.08212
-38.7878 -1.661841 90.08212
-39.13173 -2.055541 90.08212
-39.47925 -2.446061 90.08212
-39.82999 -2.833706 90.08212
-40.18073 -3.221355 90.08212
-40.53652 -3.604348 90.08212
-40.89449 -3.985327 90.08212
-41.25247 -4.366309 90.08212
-41.61044 -4.74729 90.08212
-41.96841 -5.128272 90.08212
-42.32639 -5.509251 90.08212
-42.70225 -5.871535 90.08212
-43.09868 -6.212322 90.08212
Stroke End
-14.75109 32.09922 90.08213
-14.64493 31.96056 90.08213
-14.53877 31.8219 90.08213
-14.43261 31.68324 90.08213
-14.32646 31.54458 90.08213
-14.2203 31.40592 90.08213
-14.11414 31.26727 90.08213
-14.00798 31.1286 90.08213
-13.90182 30.98995 90.08213
-13.78368 30.86272 90.08213
-13.65011 30.75024 90.08213
-13.51653 30.63776 90.08213
-13.38295 30.52528 90.08213
-13.24937 30.41279 90.08213
-13.11579 30.30031 90.08213
-12.98221 30.18783 90.08213
-12.84863 30.07535 90.08213
-12.71505 29.96286 90.08213
-12.58147 29.85038 90.08213
-12.44789 29.7379 90.08213
-12.31431 29.62542 90.08213
-12.18073 29.51293 90.08213
-12.04403 29.40441 90.08213
-11.90344 29.30082 90.08213
-11.76285 29.19723 90.08213
-11.62226 29.09364 90.08213
-11.48167 28.99006 90.08213
-11.34109 28.88647 90.08213
-11.2005 28.78288 90.08212
-11.05991 28.67929 90.08212
-10.91932 28.5757 90.08212
-10.77873 28.47211 90.08212
-10.63814 28.36852 90.08212
-10.49755 28.26493 90.08212
-10.35759 28.16055 90.08212
-10.22314 28.0491 90.08212
-10.08869 27.93766 90.08212
-9.954246 27.82621 90.08212
-9.819798 27.71477 90.08212
-9.685351 27.60333 90.08212
-9.550903 27.49188 90.08212
-9.416456 27.38044 90.08212
-9.282008 27.269 90.08212
-9.147561 27.15755 90.08212
-9.012414 27.04697 90.08212
-8.875348 26.93877 90.08212
-8.738281 26.83056 90.08212
-8.601214 26.72235 90.08212
-8.464148 26.61415 90.08212
-8.327081 26.50594 90.08212
-8.190014 26.39774 90.08212
-8.052947 26.28953 90.08212
-7.91588 26.18132 90.08212
-7.792065 26.05851 90.08212
-7.671039 25.93262 90.08212
-7.550013 25.80673 90.08212
-7.428987 25.68084 90.08212
-7.307961 25.55494 90.08212
-7.186935 25.42905 90.08212
-7.065909 25.30316 90.08212
-6.944883 25.17727 90.08212
-6.823857 25.05138 90.08212
-6.702831 24.92549 90.08212
-6.581805 24.7996 90.08212
-6.461621 24.67292 90.08212
-6.344456 24.54343 90.08212
-6.227291 24.41394 90.08212
-6.110126 24.28444 90.08212
-5.99296 24.15495 90.08212
-5.875796 24.02546 90.08212
-5.75863 23.89597 90.08212
-5.641466 23.76648 90.08212
-5.5243 23.63698 90.08212
-5.407135 23.50749 90.08212
-5.28997 23.378 90.08212
-5.170005 23.25113 90.08212
-5.048454 23.12575 90.08212
-4.926902 23.00036 90.08212
-4.805351 22.87498 90.08212
-4.683799 22.7496 90.08212
-4.562247 22.62421 90.08212
-4.440696 22.49883 90.08212
-4.319144 22.37345 90.08212
-4.197592 22.24806 90.08212
-4.076041 22.12268 90.08212
-3.963232 21.98999 90.08212
-3.861541 21.84803 90.08212
-3.759849 21.70606 90.08212
-3.658157 21.56409 90.08212
-3.556466 21.42212 90.08212
-3.454773 21.28016 90.08212
-3.353082 21.13819 90.08212
-3.25139 20.99622 90.08212
-3.149698 20.85426 90.08212
-3.048007 20.71229 90.08212
-2.946315 20.57032 90.08212
-2.844623 20.42836 90.08212
-2.742932 20.28639 90.08212
-2.64124 20.14442 90.08212
-2.539548 20.00245 90.08212
Stroke End
-28.96502 6.25171 90.08212
-28.71769 6.327118 90.08212
-28.47037 6.402526 90.08212
-28.22304 6.477934 90.08212
-27.97571 6.553343 90.08212
-27.72839 6.628751 90.08212
-27.48106 6.704159 90.08212
-27.23373 6.779567 90.08212
-26.9864 6.854976 90.08212
-26.73908 6.930384 90.08212
-26.49266 7.008585 90.08212
-26.24826 7.092998 90.08212
-26.00385 7.177409 90.08212
-25.75945 7.261821 90.08212
-25.51505 7.346233 90.08212
-25.27065 7.430645 90.08212
-25.01939 7.491108 90.08212
-24.76737 7.548917 90.08212
-24.51535 7.606725 90.08212
-24.26332 7.664534 90.08212
-24.0113 7.722342 90.08212
-23.75928 7.780151 90.08212
-23.50726 7.83796 90.08212
-23.25523 7.895769 90.08212
-23.00321 7.953578 90.08212
-22.75119 8.011386 90.08212
-22.49917 8.069195 90.08212
-22.24714 8.127003 90.08212
-21.99512 8.184812 90.08212
-21.7431 8.24262 90.08212
-21.49108 8.300429 90.08212
-21.23905 8.358237 90.08212
-20.98703 8.416046 90.08212
-20.73572 8.476814 90.08212
-20.48507 8.540299 90.08212
-20.23442 8.603786 90.08212
-19.98376 8.667271 90.08212
-19.73311 8.730757 90.08212
-19.48246 8.794242 90.08212
-19.23181 8.857728 90.08212
-18.98116 8.921213 90.08212
-18.7305 8.984698 90.08212
-18.47985 9.048184 90.08212
-18.2292 9.11167 90.08212
-17.97854 9.175156 90.08212
-17.72789 9.238641 90.08212
-17.47724 9.302126 90.08212
-17.22659 9.365612 90.08212
-16.97593 9.429098 90.08212
-16.7243 9.488514 90.08212
-16.47224 9.546152 90.08212
-16.22018 9.603789 90.08212
-15.96812 9.661427 90.08212
-15.71605 9.719065 90.08212
-15.46399 9.776703 90.08212
-15.21193 9.834341 90.08212
-14.95987 9.891978 90.08212
-14.70781 9.949616 90.08212
-14.45575 10.00725 90.08212
-14.20369 10.06489 90.08212
-13.95163 10.12253 90.08212
-13.69956 10.18017 90.08212
-13.4475 10.23781 90.08212
-13.19544 10.29544 90.08212
-12.94338 10.35308 90.08212
-12.69132 10.41072 90.08212
-12.43926 10.46836 90.08212
-12.1872 10.52599 90.08212
-11.93644 10.58897 90.08212
-11.6863 10.65444 90.08212
-11.43616 10.71992 90.08212
-11.18602 10.7854 90.08212
-10.93588 10.85088 90.08212
-10.68574 10.91635 90.08212
-10.4356 10.98183 90.08212
-10.18546 11.04731 90.08212
-9.935323 11.11278 90.08212
-9.685183 11.17826 90.08212
-9.435042 11.24374 90.08212
-9.184904 11.30922 90.08212
-8.934469 11.37347 90.08212
-8.681995 11.42928 90.08212
-8.429523 11.48509 90.08212
-8.177049 11.54089 90.08212
-7.924575 11.5967 90.08212
-7.672104 11.65251 90.08212
-7.41963 11.70831 90.08212
-7.167157 11.76412 90.08212
-6.914683 11.81993 90.08212
-6.66221 11.87574 90.08212
-6.408752 11.92624 90.08212
-6.153074 11.96477 90.08212
-5.897393 12.00331 90.08212
-5.641712 12.04184 90.08212
-5.386032 12.08037 90.08212
-5.130351 12.1189 90.08212
-4.87467 12.15743 90.08212
-4.618425 12.18841 90.08212
-4.359858 12.18841 90.08212
-4.10129 12.18841 90.08212
Stroke End
-30.53516 -5.987025 90.08212
-30.27392 -5.895157 90.08212
-30.01269 -5.803289 90.08212
-29.75145 -5.711421 90.08212
-29.49021 -5.619554 90.08212
-29.22897 -5.527686 90.08212
-28.96773 -5.435818 90.08212
-28.70649 -5.34395 90.08212
-28.44525 -5.252082 90.08212
-28.18401 -5.160214 90.08212
-27.92277 -5.068347 90.08212
-27.66153 -4.976479 90.08212
-27.40029 -4.884611 90.08212
-27.13905 -4.792743 90.08212
-26.87724 -4.702779 90.08212
-26.60891 -4.634343 90.08212
-26.34057 -4.565907 90.08212
-26.07224 -4.49747 90.08212
-25.80391 -4.429034 90.08212
-25.53558 -4.360598 90.08212
-25.26725 -4.292161 90.08212
-24.99891 -4.223725 90.08212
-24.73058 -4.155288 90.08212
-24.46225 -4.086852 90.08212
-24.19392 -4.018415 90.08212
-23.92559 -3.949979 90.08212
-23.65717 -3.881867 90.08212
-23.38771 -3.818048 90.08212
-23.11824 -3.754229 90.08212
-22.84877 -3.690409 90.08212
-22.5793 -3.62659 90.08212
-22.30984 -3.562771 90.08212
-22.04037 -3.498951 90.08212
-21.7709 -3.435132 90.08212
-21.50143 -3.371313 90.08212
-21.2323 -3.306108 90.08212
-20.96353 -3.239422 90.08212
-20.69476 -3.172736 90.08212
-20.42599 -3.10605 90.08212
-20.15721 -3.039364 90.08212
-19.88844 -2.972678 90.08212
-19.61967 -2.905993 90.08212
-19.3509 -2.839307 90.08212
-19.08212 -2.772621 90.08212
-18.81335 -2.705935 90.08212
-18.54458 -2.639249 90.08212
-18.27581 -2.572563 90.08212
-18.00703 -2.505877 90.08212
-17.73826 -2.439191 90.08212
-17.46949 -2.372506 90.08212
-17.20107 -2.30444 90.08212
-16.93314 -2.234449 90.08212
-16.66521 -2.164457 90.08212
-16.39728 -2.094466 90.08212
-16.12934 -2.024474 90.08212
-15.86141 -1.954483 90.08212
-15.59348 -1.884492 90.08212
-15.32555 -1.8145 90.08212
-15.05762 -1.744509 90.08212
-14.78969 -1.674518 90.08212
-14.52176 -1.604526 90.08212
-14.25383 -1.534535 90.08212
-13.9859 -1.464543 90.08212
-13.71797 -1.394552 90.08212
-13.45004 -1.324561 90.08212
-13.18211 -1.254569 90.08212
-12.91418 -1.184578 90.08212
-12.64648 -1.113723 90.08212
-12.37905 -1.041829 90.08212
-12.11162 -0.9699343 90.08212
-11.8442 -0.8980402 90.08212
-11.57677 -0.8261456 90.08212
-11.30935 -0.7542511 90.08212
-11.04192 -0.682357 90.08212
-10.77449 -0.6104624 90.08212
-10.50707 -0.5385678 90.08212
-10.23964 -0.4666733 90.08212
-9.972215 -0.3947792 90.08212
-9.70469 -0.3233163 90.08212
-9.43235 -0.2731505 90.08212
-9.160009 -0.2229847 90.08212
-8.887671 -0.1728193 90.08212
-8.615331 -0.1226534 90.08212
-8.342991 -0.07248766 90.08212
-8.070652 -0.02232221 90.08212
-7.798312 0.02784359 90.08212
-7.525971 0.07800937 90.08212
-7.253631 0.1281752 90.08212
-6.979481 0.1670935 90.08212
-6.705164 0.2049893 90.08212
-6.430847 0.2428851 90.08212
-6.156532 0.2807807 90.08212
-5.882215 0.3186764 90.08212
-5.607898 0.3565723 90.08212
-5.33358 0.394468 90.08212
-5.058429 0.4253533 90.08212
-4.782894 0.4530377 90.08212
-4.507359 0.4807222 90.08212
-4.231288 0.4976829 90.08212
-3.954366 0.497683 90.08212
Stroke End
-15.90804 4.607705 90.08212
-15.8672 4.306804 90.08212
-15.82636 4.005904 90.08212
-15.78552 3.705003 90.08212
-15.74468 3.404102 90.08212
-15.70384 3.103201 90.08212
-15.663 2.802301 90.08212
-15.62394 2.501164 90.08212
-15.58502 2.20001 90.08212
-15.54609 1.898856 90.08212
-15.50716 1.597702 90.08212
-15.46824 1.296548 90.08212
-15.42931 0.9953933 90.08212
-15.39039 0.6942393 90.08212
-15.35146 0.3930849 90.08212
-15.31253 0.09193077 90.08212
-15.27361 -0.2092234 90.08212
-15.23832 -0.5107769 90.08212
-15.21095 -0.813201 90.08212
-15.18359 -1.115625 90.08212
-15.15623 -1.418049 90.08212
-15.12887 -1.720473 90.08212
-15.1015 -2.022897 90.08212
-15.07952 -2.325634 90.08212
-15.07179 -2.629194 90.08212
-15.06405 -2.932755 90.08212
-15.05631 -3.236316 90.08212
-15.04858 -3.539877 90.08212
-15.04084 -3.843438 90.08212
-15.0331 -4.146999 90.08212
-15.02536 -4.45056 90.08212
-15.01763 -4.754121 90.08212
-15.00989 -5.057682 90.08212
-15.00215 -5.361242 90.08212
-14.99442 -5.664803 90.08212
-14.98668 -5.968364 90.08212
-14.97894 -6.271925 90.08212
-14.97121 -6.575486 90.08212
-14.96347 -6.879047 90.08212
-14.95573 -7.182608 90.08212
-14.94799 -7.486168 90.08212
-14.94026 -7.789731 90.08212
-14.93252 -8.093291 90.08212
-14.92478 -8.396852 90.08212
-14.91705 -8.700413 90.08212
-14.9268 -9.003867 90.08212
-14.93824 -9.307311 90.08212
-14.94968 -9.610755 90.08212
-14.96112 -9.914199 90.08212
-14.97256 -10.21764 90.08212
-14.984 -10.52109 90.08212
-14.99544 -10.82453 90.08212
-15.01132 -11.12776 90.08212
-15.02921 -11.43089 90.08212
-15.0471 -11.73402 90.08212
-15.06498 -12.03716 90.08212
-15.08287 -12.34029 90.08212
-15.10076 -12.64342 90.08212
-15.11865 -12.94655 90.08212
-15.13653 -13.24969 90.08211
-15.15442 -13.55282 90.08211
-15.17231 -13.85595 90.08211
-15.1902 -14.15908 90.08211
-15.20808 -14.46221 90.08211
-15.22597 -14.76535 90.08211
-15.24386 -15.06848 90.08211
-15.25922 -15.37175 90.08211
-15.27405 -15.67504 90.08211
-15.28888 -15.97834 90.08211
-15.30372 -16.28164 90.08211
-15.31855 -16.58493 90.08211
-15.33338 -16.88823 90.08211
-15.34822 -17.19153 90.08211
-15.36305 -17.49483 90.08211
-15.37788 -17.79812 90.08211
-15.39272 -18.10142 90.08211
-15.40755 -18.40472 90.08211
-15.43039 -18.70747 90.08211
-15.45687 -19.00997 90.08211
-15.48336 -19.31247 90.08211
-15.50985 -19.61497 90.08211
-15.53634 -19.91748 90.08211
-15.56283 -20.21998 90.08211
-15.58932 -20.52248 90.08211
-15.6158 -20.82498 90.08211
-15.64229 -21.12749 90.08211
-15.66758 -21.43008 90.08211
-15.69042 -21.73288 90.08211
-15.71325 -22.03568 90.08211
-15.73608 -22.33848 90.08211
-15.75891 -22.64128 90.08211
-15.78174 -22.94408 90.08211
-15.80457 -23.24688 90.08211
-15.82881 -23.54954 90.08211
-15.86774 -23.85069 90.08211
-15.90666 -24.15185 90.08211
-15.94559 -24.453 90.08211
-15.98452 -24.75416 90.08211
-16.07281 -25.04387 90.08211
-16.17038 -25.33142 90.08211
Stroke End
-28.05599 -10.91905 90.08212
-28.00428 -11.04894 90.08212
-27.95257 -11.17883 90.08212
-27.90086 -11.30872 90.08212
-27.84915 -11.43861 90.08212
-27.79744 -11.5685 90.08212
-27.74573 -11.69839 90.08212
-27.69402 -11.82828 90.08212
-27.64231 -11.95817 90.08212
-27.5906 -12.08806 90.08212
-27.53888 -12.21795 90.08212
-27.48717 -12.34784 90.08212
-27.43546 -12.47773 90.08212
-27.38375 -12.60762 90.08212
-27.33204 -12.7375 90.08212
-27.28033 -12.8674 90.08212
-27.22862 -12.99728 90.08212
-27.17691 -13.12718 90.08212
-27.12197 -13.25567 90.08212
-27.06259 -13.38223 90.08212
-27.00321 -13.5088 90.08212
-26.94383 -13.63537 90.08212
-26.88445 -13.76194 90.08212
-26.82507 -13.88851 90.08212
-26.76569 -14.01507 90.08212
-26.70631 -14.14164 90.08212
-26.64693 -14.26821 90.08212
-26.58755 -14.39478 90.08212
-26.52817 -14.52135 90.08212
-26.46879 -14.64791 90.08212
-26.40941 -14.77448 90.08212
-26.35003 -14.90105 90.08212
-26.29065 -15.02762 90.08212
-26.23127 -15.15419 90.08212
-26.17189 -15.28075 90.08212
-26.11251 -15.40732 90.08212
-26.05313 -15.53389 90.08212
-25.99375 -15.66046 90.08212
-25.93036 -15.78506 90.08212
-25.86671 -15.90953 90.08212
-25.80305 -16.034 90.08212
-25.7394 -16.15848 90.08212
-25.67574 -16.28295 90.08212
-25.61208 -16.40742 90.08212
-25.54843 -16.53189 90.08212
-25.48477 -16.65636 90.08212
-25.42111 -16.78083 90.08211
-25.35746 -16.90531 90.08211
-25.2938 -17.02978 90.08211
-25.23014 -17.15425 90.08211
-25.16649 -17.27872 90.08211
-25.10283 -17.40319 90.08211
-25.03917 -17.52767 90.08211
-24.97552 -17.65214 90.08211
-24.91109 -17.77616 90.08211
-24.83461 -17.89319 90.08211
-24.75813 -18.01023 90.08211
-24.68166 -18.12726 90.08211
-24.60518 -18.24429 90.08211
-24.5287 -18.36132 90.08211
-24.45223 -18.47836 90.08211
-24.37575 -18.59539 90.08211
-24.29927 -18.71242 90.08211
-24.2228 -18.82946 90.08211
-24.14632 -18.94649 90.08211
-24.06984 -19.06352 90.08211
-23.99336 -19.18055 90.08211
-23.91689 -19.29759 90.08211
-23.84031 -19.41455 90.08211
-23.75614 -19.52618 90.08211
-23.67198 -19.63781 90.08211
-23.58781 -19.74944 90.08211
-23.50364 -19.86107 90.08211
-23.41947 -19.9727 90.08211
-23.3353 -20.08433 90.08211
-23.25113 -20.19596 90.08211
-23.16697 -20.30758 90.08211
-23.0828 -20.41921 90.08211
-22.99572 -20.52831 90.08211
-22.8966 -20.6269 90.08211
-22.79748 -20.72549 90.08211
-22.69836 -20.82409 90.08211
-22.59924 -20.92268 90.08211
-22.50012 -21.02127 90.08211
-22.401 -21.11987 90.08211
-22.30188 -21.21846 90.08211
-22.20276 -21.31705 90.08211
-22.09634 -21.40761 90.08211
-21.9887 -21.49683 90.08211
-21.88107 -21.58604 90.08211
-21.75566 -21.64506 90.08211
-21.62541 -21.69587 90.08211
-21.49516 -21.74668 90.08211
-21.36492 -21.79748 90.08211
-21.23467 -21.84829 90.08211
-21.10443 -21.8991 90.08211
-20.97418 -21.9499 90.08211
-20.84394 -22.00071 90.08211
-20.71369 -22.05152 90.08211
-20.58344 -22.10233 90.08211
Stroke End
-2.189938 -6.991693 90.08212
-2.271961 -7.172998 90.08212
-2.353984 -7.354305 90.08212
-2.436007 -7.535611 90.08212
-2.51803 -7.716917 90.08212
-2.624389 -7.885035 90.08212
-2.731503 -8.052744 90.08212
-2.838616 -8.220453 90.08212
-2.94573 -8.388163 90.08212
-3.052843 -8.555872 90.08212
-3.159957 -8.723581 90.08212
-3.26707 -8.891291 90.08212
-3.374184 -9.059 90.08212
-3.481297 -9.226709 90.08212
-3.593331 -9.391129 90.08212
-3.707356 -9.554217 90.08212
-3.821382 -9.717306 90.08212
-3.935407 -9.880395 90.08212
-4.049433 -10.04348 90.08212
-4.163458 -10.20657 90.08212
-4.277484 -10.36966 90.08212
-4.39151 -10.53275 90.08212
-4.505535 -10.69584 90.08212
-4.619561 -10.85893 90.08212
-4.733586 -11.02201 90.08212
-4.847612 -11.1851 90.08212
-4.964136 -11.34637 90.08212
-5.084549 -11.5048 90.08212
-5.204963 -11.66323 90.08212
-5.325376 -11.82166 90.08212
-5.445789 -11.98009 90.08212
-5.566203 -12.13852 90.08212
-5.686615 -12.29695 90.08212
-5.807029 -12.45539 90.08211
-5.927442 -12.61382 90.08211
-6.047855 -12.77225 90.08211
-6.168269 -12.93068 90.08211
-6.288682 -13.08911 90.08211
-6.409095 -13.24754 90.08211
-6.529508 -13.40597 90.08211
-6.649921 -13.5644 90.08211
-6.785755 -13.7098 90.08211
-6.92192 -13.85492 90.08211
-7.058084 -14.00003 90.08211
-7.194249 -14.14515 90.08211
-7.330413 -14.29027 90.08211
-7.466578 -14.43538 90.08211
-7.602742 -14.5805 90.08211
-7.738907 -14.72562 90.08211
-7.875072 -14.87073 90.08211
-8.011236 -15.01585 90.08211
-8.147401 -15.16097 90.08211
-8.283566 -15.30608 90.08211
-8.41973 -15.4512 90.08211
-8.555895 -15.59632 90.08211
-8.69206 -15.74143 90.08211
-8.828224 -15.88655 90.08211
-8.964389 -16.03167 90.08211
-9.11735 -16.15892 90.08211
-9.270555 -16.28592 90.08211
-9.423762 -16.41291 90.08211
-9.576969 -16.5399 90.08211
-9.730175 -16.6669 90.08211
-9.883381 -16.79389 90.08211
-10.03659 -16.92089 90.08211
-10.18979 -17.04788 90.08211
-10.343 -17.17488 90.08211
-10.49621 -17.30187 90.08211
-10.64941 -17.42886 90.08211
-10.80262 -17.55586 90.08211
-10.95582 -17.68285 90.08211
-11.10903 -17.80984 90.08211
-11.26224 -17.93684 90.08211
-11.41624 -18.06286 90.08211
-11.57036 -18.18876 90.08211
-11.72447 -18.31465 90.08211
-11.87858 -18.44054 90.08211
-12.03269 -18.56644 90.08211
-12.1868 -18.69233 90.08211
-12.34091 -18.81822 90.08211
-12.49503 -18.94412 90.08211
-12.64914 -19.07001 90.08211
-12.80325 -19.1959 90.08211
-12.95736 -19.3218 90.08211
-13.11148 -19.44769 90.08211
-13.27143 -19.56573 90.08211
-13.43619 -19.67734 90.08211
-13.60094 -19.78894 90.08211
-13.7657 -19.90055 90.08211
-13.93045 -20.01215 90.08211
-14.09521 -20.12375 90.08211
-14.25996 -20.23536 90.08211
-14.42472 -20.34696 90.08211
-14.58948 -20.45856 90.08211
-14.75423 -20.57017 90.08211
-14.91899 -20.68177 90.08211
-15.08374 -20.79338 90.08211
-15.2485 -20.90498 90.08211
-15.41325 -21.01658 90.08211
-15.57801 -21.12819 90.08211
Stroke End
-38.88173 -29.45984 90.08211
-38.51183 -29.39852 90.08211
-38.14193 -29.3372 90.08211
-37.77203 -29.27588 90.08211
-37.40213 -29.21455 90.08211
-37.03323 -29.14767 90.08211
-36.66522 -29.07589 90.08211
-36.29721 -29.00412 90.08211
-35.92919 -28.93234 90.08211
-35.5678 -28.83394 90.08211
-35.20906 -28.72491 90.08211
-34.85031 -28.61588 90.08211
-34.49157 -28.50684 90.08211
-34.13282 -28.39781 90.08211
-33.77408 -28.28877 90.08211
-33.41533 -28.17974 90.08211
-33.05659 -28.07071 90.08211
-32.69785 -27.96167 90.08211
-32.34162 -27.84496 90.08211
-31.9879 -27.72057 90.08211
-31.63419 -27.59619 90.08211
-31.28048 -27.4718 90.08211
-30.92676 -27.34741 90.08211
-30.57241 -27.22487 90.08211
-30.21694 -27.1056 90.08211
-29.86147 -26.98634 90.08211
-29.50599 -26.86707 90.08211
-29.15052 -26.74781 90.08211
-28.79504 -26.62854 90.08211
-28.43957 -26.50928 90.08211
-28.0841 -26.39001 90.08211
-27.72862 -26.27075 90.08211
-27.37315 -26.15148 90.08211
-27.01767 -26.03222 90.08211
-26.6622 -25.91295 90.08211
-26.30672 -25.79369 90.08211
-25.95111 -25.67486 90.08211
-25.59521 -25.55685 90.08211
-25.23932 -25.43885 90.08211
-24.88342 -25.32085 90.08211
-24.52753 -25.20285 90.08211
-24.17163 -25.08485 90.08211
-23.81573 -24.96684 90.08211
-23.45984 -24.84884 90.08211
-23.10394 -24.73084 90.08211
-22.74805 -24.61284 90.08211
-22.39215 -24.49483 90.08211
-22.03626 -24.37683 90.08211
-21.68036 -24.25883 90.08211
-21.32447 -24.14083 90.08211
-20.96775 -24.02537 90.08211
-20.60986 -23.91359 90.08211
-20.25196 -23.8018 90.08211
-19.89407 -23.69001 90.08211
-19.53617 -23.57822 90.08211
-19.17827 -23.46644 90.08211
-18.82038 -23.35465 90.08211
-18.46248 -23.24286 90.08211
-18.10459 -23.13107 90.08211
-17.74669 -23.01929 90.08211
-17.38879 -22.9075 90.08211
-17.02186 -22.83301 90.08211
-16.65249 -22.76855 90.08211
-16.28313 -22.7041 90.08211
-15.91376 -22.63964 90.08211
-15.54439 -22.57518 90.08211
-15.17503 -22.51073 90.08211
-14.80566 -22.44627 90.08211
-14.4363 -22.38182 90.08211
-14.06693 -22.31736 90.08211
-13.69757 -22.2529 90.08211
-13.3282 -22.18845 90.08211
-12.95883 -22.12399 90.08211
-12.58946 -22.05959 90.08211
-12.21981 -21.99674 90.08211
-11.85017 -21.93389 90.08211
-11.48053 -21.87103 90.08211
-11.11089 -21.80818 90.08211
-10.74125 -21.74533 90.08211
-10.3716 -21.68248 90.08211
-10.00196 -21.61963 90.08211
-9.632318 -21.55677 90.08211
-9.263189 -21.4911 90.08211
-8.895177 -21.41932 90.08211
-8.527163 -21.34755 90.08211
-8.159148 -21.27577 90.08211
-7.791136 -21.20399 90.08211
-7.42312 -21.13222 90.08211
-7.055107 -21.06044 90.08211
-6.687095 -20.98867 90.08211
-6.316259 -20.93465 90.08211
-5.944108 -20.88895 90.08211
-5.571957 -20.84325 90.08211
-5.199802 -20.79754 90.08211
-4.827651 -20.75184 90.08211
-4.4555 -20.70614 90.08211
-4.084574 -20.65168 90.08211
-3.714215 -20.59321 90.08211
-3.343856 -20.53474 90.08211
-2.973496 -20.47626 90.08211
Stroke End
0.5371541 14.19776 90.08212
0.9461985 14.19776 90.08212
1.355243 14.19776 90.08212
1.764287 14.19776 90.08212
2.173331 14.19776 90.08212
2.582376 14.19776 90.08212
2.99142 14.19776 90.08212
3.400465 14.19776 90.08212
3.809509 14.19776 90.08212
4.218529 14.19923 90.08212
4.627357 14.21252 90.08212
5.036186 14.22581 90.08212
5.445014 14.2391 90.08212
5.853843 14.25239 90.08212
6.262671 14.26569 90.08212
6.6715 14.27898 90.08212
7.079188 14.30429 90.08212
7.483227 14.36808 90.08212
7.887267 14.43187 90.08212
8.291306 14.49567 90.08212
8.695345 14.55946 90.08212
9.099385 14.62325 90.08212
9.503424 14.68705 90.08212
9.907463 14.75084 90.08212
10.3115 14.81463 90.08212
10.71554 14.87843 90.08212
11.11958 14.94222 90.08212
11.52362 15.00601 90.08212
11.92766 15.0698 90.08212
12.3317 15.1336 90.08212
12.73574 15.19739 90.08212
13.13951 15.26287 90.08212
13.54325 15.32849 90.08212
13.947 15.39411 90.08212
14.35075 15.45973 90.08212
14.75449 15.52535 90.08212
15.15824 15.59097 90.08212
15.56199 15.6566 90.08212
15.96573 15.72222 90.08212
16.36948 15.78784 90.08212
16.77322 15.85346 90.08212
17.17697 15.91908 90.08212
17.58072 15.9847 90.08212
17.98446 16.05033 90.08212
18.38821 16.11595 90.08212
18.79188 16.18204 90.08212
19.19555 16.24814 90.08212
19.59922 16.31424 90.08212
20.00289 16.38033 90.08212
20.40655 16.44643 90.08212
20.81128 16.50519 90.08212
21.21718 16.55584 90.08212
21.62307 16.60649 90.08212
22.02897 16.65713 90.08212
22.43487 16.70778 90.08212
22.84076 16.75843 90.08212
23.24666 16.80908 90.08212
23.65256 16.85973 90.08212
24.05845 16.91038 90.08212
24.46435 16.96103 90.08212
24.87025 17.01167 90.08212
25.27614 17.06232 90.08212
25.68204 17.11297 90.08212
26.08734 17.16816 90.08212
26.49253 17.22414 90.08212
26.89773 17.28011 90.08212
27.30293 17.33609 90.08212
27.70812 17.39207 90.08212
28.11332 17.44804 90.08212
28.51852 17.50402 90.08212
28.92371 17.55999 90.08212
29.32891 17.61597 90.08212
29.73402 17.67252 90.08212
30.13785 17.73761 90.08212
30.54169 17.80269 90.08212
30.94552 17.86778 90.08212
31.34935 17.93287 90.08212
31.75318 17.99796 90.08212
32.15702 18.06305 90.08212
32.56085 18.12814 90.08212
32.96468 18.19323 90.08212
33.36851 18.25832 90.08212
33.77261 18.32165 90.08212
34.17756 18.3794 90.08212
34.58251 18.43715 90.08212
34.98746 18.49489 90.08212
35.39241 18.55264 90.08212
35.79735 18.61039 90.08212
36.2023 18.66813 90.08212
36.60427 18.74367 90.08212
37.00596 18.82089 90.08212
37.40765 18.8981 90.08212
37.80934 18.97532 90.08212
38.21061 19.05455 90.08212
38.61002 19.14283 90.08212
39.00942 19.2311 90.08212
39.40913 19.31784 90.08212
39.81239 19.3864 90.08212
40.21564 19.45497 90.08212
40.6213 19.49513 90.08212
Stroke End
20.94903 11.64043 90.08212
21.01187 11.01529 90.08212
21.07472 10.39015 90.08212
21.12271 9.763999 90.08212
21.14544 9.136121 90.08212
21.16816 8.508244 90.08212
21.19088 7.880365 90.08212
21.19694 7.252186 90.08212
21.19694 6.623898 90.08212
21.19694 5.995609 90.08212
21.19694 5.36732 90.08212
21.19694 4.739031 90.08212
21.19694 4.110742 90.08212
21.19694 3.482453 90.08212
21.19694 2.854164 90.08212
21.20287 2.226054 90.08212
21.2407 1.598905 90.08212
21.27853 0.9717559 90.08212
21.31636 0.3446076 90.08212
21.35419 -0.2825416 90.08212
21.36222 -0.9105878 90.08212
21.36222 -1.538877 90.08212
21.39069 -2.166308 90.08212
21.42852 -2.793457 90.08212
21.44486 -3.421254 90.08212
21.44486 -4.049543 90.08212
21.44486 -4.677831 90.08212
21.44486 -5.306119 90.08211
21.44486 -5.93441 90.08211
21.4415 -6.56265 90.08211
21.42374 -7.190688 90.08211
21.40598 -7.818727 90.08211
21.38822 -8.446764 90.08211
21.37047 -9.0748 90.08211
21.35352 -9.702862 90.08211
21.33728 -10.33094 90.08211
21.32105 -10.95902 90.08211
21.30481 -11.5871 90.08211
21.28857 -12.21518 90.08211
21.27958 -12.84335 90.08211
21.27958 -13.47164 90.08211
21.27958 -14.09993 90.08211
21.27958 -14.72822 90.08211
21.27958 -15.3565 90.08211
21.27838 -15.98478 90.08211
21.26062 -16.61282 90.08211
21.24286 -17.24085 90.08211
21.22511 -17.86889 90.08211
21.20735 -18.49693 90.08211
21.19002 -19.12498 90.08211
21.17331 -19.75305 90.08211
21.1566 -20.38111 90.08211
21.13988 -21.00918 90.08211
21.12317 -21.63725 90.08211
21.09711 -22.26491 90.08211
21.0605 -22.89214 90.08211
21.02389 -23.51936 90.08211
20.98728 -24.14658 90.08211
20.95066 -24.7738 90.08211
20.84214 -25.39245 90.08211
20.73026 -26.0107 90.08211
20.61839 -26.62895 90.0821
20.50651 -27.24719 90.0821
20.38063 -27.86259 90.0821
20.24201 -28.4754 90.0821
20.10339 -29.0882 90.0821
19.96478 -29.70101 90.0821
19.82616 -30.31382 90.0821
19.68754 -30.92663 90.0821
19.52489 -31.5331 90.0821
19.32715 -32.12933 90.0821
19.12064 -32.72271 90.0821
18.88005 -33.30248 90.0821
18.68295 -33.88235 90.0821
18.20107 -34.20152 90.0821
17.61714 -33.96995 90.0821
17.06014 -33.68423 90.0821
16.52169 -33.36097 90.0821
15.97178 -33.05708 90.0821
15.42187 -32.7532 90.0821
14.87195 -32.44932 90.0821
14.32204 -32.14544 90.0821
13.77213 -31.84155 90.0821
13.22222 -31.53766 90.0821
12.67232 -31.23378 90.0821
12.12241 -30.92989 90.0821
11.58043 -30.61227 90.0821
11.04235 -30.2879 90.0821
10.50869 -29.95631 90.0821
9.975104 -29.62459 90.08211
9.438337 -29.29811 90.08211
8.898426 -28.9768 90.08211
8.35338 -28.66444 90.08211
7.803467 -28.36055 90.08211
7.250805 -28.06178 90.08211
6.69418 -27.77038 90.08211
6.137554 -27.47898 90.08211
5.56154 -27.23127 90.08211
4.971988 -27.01408 90.08211
4.374633 -26.82113 90.08211
Stroke End
