10
metal
110
-15.32956 36.20926 90.08213
-15.45394 35.75102 90.08213
-15.57833 35.29279 90.08213
-15.70271 34.83456 90.08213
-15.82709 34.37633 90.08213
-15.95147 33.9181 90.08213
-16.0769 33.46021 90.08213
-16.25253 33.01908 90.08213
-16.42815 32.57794 90.08213
-16.60377 32.1368 90.08213
-16.77939 31.69566 90.08213
-16.95502 31.25452 90.08213
-17.19132 30.84371 90.08213
-17.4388 30.4385 90.08213
-17.68629 30.03328 90.08213
-17.93377 29.62807 90.08213
-18.18125 29.22285 90.08213
-18.42873 28.81764 90.08213
-18.67622 28.41242 90.08213
-18.9237 28.00721 90.08213
-19.17118 27.60199 90.08213
-19.43112 27.20471 90.08213
-19.69364 26.80907 90.08212
-19.95615 26.41342 90.08212
-20.21131 26.01316 90.08212
-20.45373 25.6049 90.08212
-20.69615 25.19663 90.08212
-20.93857 24.78837 90.08212
-21.18098 24.3801 90.08212
-21.4234 23.97184 90.08212
-21.66582 23.56357 90.08212
-21.91747 23.16152 90.08212
-22.2045 22.78329 90.08212
-22.49153 22.40505 90.08212
-22.77856 22.02682 90.08212
-23.06559 21.64859 90.08212
-23.35262 21.27035 90.08212
-23.63965 20.89212 90.08212
-23.92668 20.51389 90.08212
-24.23646 20.15451 90.08212
-24.55503 19.80243 90.08212
-24.87359 19.45035 90.08212
-25.19216 19.09826 90.08212
-25.51073 18.74618 90.08212
-25.82929 18.3941 90.08212
-26.14786 18.04201 90.08212
-26.46642 17.68993 90.08212
-26.78499 17.33784 90.08212
-27.10356 16.98576 90.08212
-27.42212 16.63368 90.08212
-27.74069 16.28159 90.08212
-28.05925 15.92951 90.08212
-28.37782 15.57742 90.08212
-28.69638 15.22534 90.08212
-29.01495 14.87325 90.08212
-29.33716 14.52456 90.08212
-29.66536 14.18144 90.08212
-29.99356 13.83832 90.08212
-30.32175 13.4952 90.08212
-30.64995 13.15207 90.08212
-30.97815 12.80895 90.08212
-31.30635 12.46583 90.08212
-31.63455 12.12271 90.08212
-31.96275 11.77959 90.08212
-32.29164 11.43715 90.08212
-32.63094 11.105 90.08212
-32.97024 10.77285 90.08212
-33.30955 10.44071 90.08212
-33.64885 10.10856 90.08212
-33.98815 9.776417 90.08212
-34.32745 9.444271 90.08212
-34.66676 9.112123 90.08212
-35.00606 8.779978 90.08212
-35.34393 8.446381 90.08212
-35.68056 8.11153 90.08212
-36.0172 7.776683 90.08212
-36.35384 7.441836 90.08212
-36.69048 7.106986 90.08212
-37.02711 6.772139 90.08212
-37.36375 6.437291 90.08212
-37.70388 6.106186 90.08212
-38.06074 5.792982 90.08212
-38.4176 5.479777 90.08212
-38.77446 5.16657 90.08212
-39.13132 4.853365 90.08212
-39.48818 4.54016 90.08212
-39.84505 4.226953 90.08212
-40.2019 3.913748 90.08212
-40.55926 3.601108 90.08212
-40.91777 3.289785 90.08212
-41.27627 2.978465 90.08212
-41.63478 2.667145 90.08212
-41.99328 2.355824 90.08212
-42.35179 2.044502 90.08212
-42.71029 1.733181 90.08212
-43.03504 1.387407 90.08212
-43.35361 1.035323 90.08212
-43.67218 0.6832415 90.08212
-43.99074 0.3311559 90.08212
-44.3093 -0.02092923 90.08212
Stroke End
-13.59414 29.6332 90.08213
-13.42959 29.56046 90.08213
-13.26504 29.48772 90.08213
-13.10258 29.41057 90.08213
-12.94231 29.32882 90.08213
-12.78205 29.24707 90.08213
-12.62178 29.16531 90.08212
-12.46151 29.08356 90.08212
-12.30125 29.00181 90.08212
-12.14098 28.92006 90.08212
-11.97848 28.8429 90.08212
-11.81536 28.76699 90.08212
-11.65225 28.69108 90.08212
-11.48913 28.61517 90.08212
-11.32602 28.53926 90.08212
-11.1629 28.46335 90.08212
-10.99979 28.38744 90.08212
-10.83667 28.31153 90.08212
-10.67356 28.23563 90.08212
-10.51135 28.15794 90.08212
-10.35388 28.07092 90.08212
-10.19641 27.98391 90.08212
-10.03894 27.89689 90.08212
-9.881467 27.80988 90.08212
-9.723997 27.72286 90.08212
-9.566527 27.63584 90.08212
-9.409058 27.54882 90.08212
-9.251588 27.46181 90.08212
-9.094118 27.37479 90.08212
-8.936648 27.28777 90.08212
-8.779179 27.20076 90.08212
-8.62171 27.11374 90.08212
-8.464241 27.02672 90.08212
-8.306772 26.9397 90.08212
-8.149303 26.85268 90.08212
-7.991835 26.76567 90.08212
-7.834366 26.67865 90.08212
-7.676898 26.59163 90.08212
-7.518507 26.50636 90.08212
-7.357587 26.42591 90.08212
-7.196667 26.34545 90.08212
-7.035746 26.26499 90.08212
-6.874826 26.18453 90.08212
-6.713906 26.10408 90.08212
-6.552986 26.02362 90.08212
-6.392066 25.94316 90.08212
-6.231146 25.86271 90.08212
-6.070225 25.78225 90.08212
-5.909305 25.70179 90.08212
-5.748385 25.62133 90.08212
-5.587464 25.54088 90.08212
-5.426545 25.46042 90.08212
-5.265625 25.37996 90.08212
-5.104704 25.29951 90.08212
-4.943784 25.21905 90.08212
-4.782864 25.13859 90.08212
-4.621943 25.05813 90.08212
-4.461023 24.97768 90.08212
-4.300104 24.89722 90.08212
-4.139184 24.81676 90.08212
-3.980672 24.73173 90.08212
-3.823203 24.64471 90.08212
-3.665734 24.55769 90.08212
-3.508264 24.47067 90.08212
-3.350794 24.38366 90.08212
-3.193325 24.29664 90.08212
-3.037351 24.20704 90.08212
-2.883614 24.11359 90.08212
-2.729877 24.02014 90.08212
-2.576139 23.92668 90.08212
-2.422402 23.83323 90.08212
-2.268665 23.73978 90.08212
-2.114928 23.64632 90.08212
-1.961191 23.55287 90.08212
-1.807454 23.45942 90.08212
-1.653717 23.36596 90.08212
-1.499979 23.27251 90.08212
-1.35084 23.17207 90.08212
-1.204175 23.06787 90.08212
-1.057508 22.96367 90.08212
-0.9108431 22.85947 90.08212
-0.7641778 22.75527 90.08212
-0.6175117 22.65107 90.08212
-0.4708465 22.54686 90.08212
-0.3241811 22.44266 90.08212
-0.1771392 22.33899 90.08212
-0.02998053 22.23549 90.08212
0.1171781 22.13199 90.08212
0.2643376 22.02848 90.08212
0.4114963 21.92498 90.08212
0.558655 21.82148 90.08212
0.6903527 21.70049 90.08212
0.811062 21.56709 90.08212
0.9317725 21.43368 90.08212
1.052482 21.30027 90.08212
1.173191 21.16686 90.08212
1.2939 21.03345 90.08212
1.414609 20.90004 90.08212
1.535319 20.76663 90.08212
1.656028 20.63322 90.08212
Stroke End
-29.79141 10.36174 90.08212
-29.56645 10.391 90.08212
-29.34149 10.42025 90.08212
-29.11652 10.4495 90.08212
-28.89156 10.47875 90.08212
-28.66659 10.508 90.08212
-28.44163 10.53725 90.08212
-28.21675 10.56716 90.08212
-27.9919 10.59729 90.08212
-27.76705 10.62741 90.08212
-27.5422 10.65753 90.08212
-27.31735 10.68765 90.08212
-27.0925 10.71778 90.08212
-26.86765 10.7479 90.08212
-26.6428 10.77802 90.08212
-26.41795 10.80814 90.08212
-26.19311 10.83827 90.08212
-25.96826 10.86839 90.08212
-25.74341 10.89851 90.08212
-25.51774 10.92095 90.08212
-25.29158 10.9388 90.08212
-25.06543 10.95665 90.08212
-24.83928 10.9745 90.08212
-24.61312 10.99236 90.08212
-24.38696 11.01021 90.08212
-24.16081 11.02806 90.08212
-23.93466 11.04592 90.08212
-23.7085 11.06377 90.08212
-23.48235 11.08162 90.08212
-23.25619 11.09948 90.08212
-23.03004 11.11733 90.08212
-22.80388 11.13518 90.08212
-22.57773 11.15304 90.08212
-22.35157 11.17089 90.08212
-22.12542 11.18874 90.08212
-21.89927 11.20659 90.08212
-21.67311 11.22445 90.08212
-21.44695 11.2423 90.08212
-21.2208 11.26015 90.08212
-20.99477 11.27933 90.08212
-20.76941 11.30528 90.08212
-20.54403 11.33122 90.08212
-20.31867 11.35717 90.08212
-20.0933 11.38312 90.08212
-19.86793 11.40906 90.08212
-19.64256 11.43501 90.08212
-19.41719 11.46095 90.08212
-19.19182 11.4869 90.08212
-18.96645 11.51285 90.08212
-18.74108 11.53879 90.08212
-18.51571 11.56474 90.08212
-18.29034 11.59068 90.08212
-18.06497 11.61663 90.08212
-17.8396 11.64257 90.08212
-17.61423 11.66852 90.08212
-17.38886 11.69447 90.08212
-17.16349 11.72041 90.08212
-16.93806 11.74578 90.08212
-16.71257 11.7707 90.08212
-16.48709 11.79562 90.08212
-16.2616 11.82054 90.08212
-16.03612 11.84546 90.08212
-15.81063 11.87038 90.08212
-15.58514 11.8953 90.08212
-15.35966 11.92022 90.08212
-15.13417 11.94514 90.08212
-14.90869 11.97006 90.08212
-14.6832 11.99498 90.08212
-14.45772 12.0199 90.08212
-14.23223 12.04482 90.08212
-14.00675 12.06974 90.08212
-13.78126 12.09466 90.08212
-13.55578 12.11958 90.08212
-13.33029 12.1445 90.08212
-13.1048 12.16942 90.08212
-12.87925 12.19365 90.08212
-12.65346 12.21567 90.08212
-12.42767 12.23769 90.08212
-12.20189 12.25971 90.08212
-11.9761 12.28173 90.08212
-11.75031 12.30375 90.08212
-11.52453 12.32577 90.08212
-11.29874 12.34779 90.08212
-11.07295 12.36981 90.08212
-10.84717 12.39183 90.08212
-10.62138 12.41385 90.08212
-10.39559 12.43587 90.08212
-10.16981 12.45789 90.08212
-9.944258 12.48221 90.08212
-9.718772 12.50713 90.08212
-9.493285 12.53205 90.08212
-9.267799 12.55697 90.08212
-9.042315 12.58189 90.08212
-8.816829 12.60681 90.08212
-8.591344 12.63172 90.08212
-8.365221 12.64508 90.08212
-8.138363 12.64508 90.08212
-7.911504 12.64508 90.08212
-7.684646 12.64508 90.08212
-7.457788 12.64508 90.08212
Stroke End
-31.77475 -3.521021 90.08212
-31.47954 -3.502893 90.08212
-31.18433 -3.484764 90.08212
-30.88912 -3.466636 90.08212
-30.59392 -3.448508 90.08212
-30.29871 -3.43038 90.08212
-30.00477 -3.397657 90.08212
-29.71089 -3.364344 90.08212
-29.41701 -3.331032 90.08212
-29.12312 -3.297719 90.08212
-28.82924 -3.264406 90.08212
-28.53536 -3.231093 90.08212
-28.24147 -3.197781 90.08212
-27.94759 -3.164468 90.08212
-27.65371 -3.131155 90.08212
-27.35982 -3.097843 90.08212
-27.06594 -3.06453 90.08212
-26.7782 -2.996141 90.08212
-26.4905 -2.927558 90.08212
-26.2028 -2.858975 90.08212
-25.91509 -2.790392 90.08212
-25.62739 -2.721809 90.08212
-25.33969 -2.653225 90.08212
-25.05198 -2.584642 90.08212
-24.76428 -2.516059 90.08212
-24.47657 -2.447476 90.08212
-24.18887 -2.378893 90.08212
-23.90117 -2.310309 90.08212
-23.61346 -2.241726 90.08212
-23.32576 -2.173143 90.08212
-23.03806 -2.10456 90.08212
-22.75177 -2.030667 90.08212
-22.46817 -1.94671 90.08212
-22.18457 -1.862754 90.08212
-21.90097 -1.778797 90.08212
-21.61737 -1.69484 90.08212
-21.33377 -1.610883 90.08212
-21.05018 -1.526927 90.08212
-20.76658 -1.44297 90.08212
-20.48298 -1.359013 90.08212
-20.19938 -1.275057 90.08212
-19.91578 -1.1911 90.08212
-19.63218 -1.107143 90.08212
-19.34858 -1.023186 90.08212
-19.06499 -0.9392298 90.08212
-18.78139 -0.8552732 90.08212
-18.49779 -0.7713163 90.08212
-18.21417 -0.6874327 90.08212
-17.92979 -0.6061496 90.08212
-17.64541 -0.5248666 90.08212
-17.36104 -0.4435835 90.08212
-17.07666 -0.3623002 90.08212
-16.79228 -0.2810171 90.08212
-16.50791 -0.199734 90.08212
-16.22353 -0.1184507 90.08212
-15.93915 -0.03716761 90.08212
-15.65478 0.0441155 90.08212
-15.3704 0.1253986 90.08212
-15.08602 0.2066816 90.08212
-14.80165 0.2879647 90.08212
-14.51727 0.3692482 90.08212
-14.23289 0.4505313 90.08212
-13.94852 0.5318144 90.08212
-13.66414 0.6130975 90.08212
-13.38012 0.6955714 90.08212
-13.09781 0.7837512 90.08212
-12.81549 0.871931 90.08212
-12.53318 0.9601107 90.08212
-12.25086 1.048291 90.08212
-11.96855 1.136471 90.08212
-11.68623 1.224651 90.08212
-11.40392 1.31283 90.08212
-11.12161 1.40101 90.08212
-10.83929 1.48919 90.08212
-10.55698 1.57737 90.08212
-10.27466 1.66555 90.08212
-9.992348 1.75373 90.08212
-9.710034 1.84191 90.08212
-9.425024 1.920691 90.08212
-9.138899 1.995587 90.08212
-8.852774 2.070482 90.08212
-8.566648 2.145378 90.08212
-8.280523 2.220273 90.08212
-7.994399 2.295169 90.08212
-7.708273 2.370065 90.08212
-7.422146 2.444961 90.08212
-7.136022 2.519857 90.08212
-6.849896 2.594752 90.08212
-6.563771 2.669648 90.08212
-6.275692 2.736444 90.08212
-5.986898 2.800281 90.08212
-5.698104 2.864116 90.08212
-5.409308 2.927953 90.08212
-5.120514 2.991789 90.08212
-4.83172 3.055624 90.08212
-4.542927 3.11946 90.08212
-4.252194 3.173054 90.08212
-3.960048 3.219185 90.08212
-3.672127 3.28484 90.08212
-3.387041 3.363597 90.08212
Stroke End
-16.15596 7.895739 90.08212
-16.08632 7.587898 90.08212
-16.01669 7.280057 90.08212
-15.96342 6.969233 90.08212
-15.9199 6.656629 90.08212
-15.87639 6.344024 90.08212
-15.83287 6.03142 90.08212
-15.78936 5.718816 90.08212
-15.74584 5.406212 90.08212
-15.70233 5.093608 90.08212
-15.65911 4.780968 90.08212
-15.6253 4.467165 90.08212
-15.5915 4.153362 90.08212
-15.5577 3.839559 90.08212
-15.5239 3.525756 90.08212
-15.4901 3.211953 90.08212
-15.4563 2.89815 90.08212
-15.4225 2.584347 90.08212
-15.3887 2.270544 90.08212
-15.35489 1.956741 90.08212
-15.32109 1.642937 90.08212
-15.28729 1.329135 90.08212
-15.25349 1.015332 90.08212
-15.24232 0.7001078 90.08212
-15.23661 0.3845414 90.08212
-15.2309 0.06897504 90.08212
-15.22519 -0.2465919 90.08212
-15.21948 -0.5621587 90.08212
-15.21377 -0.8777246 90.08212
-15.20806 -1.193291 90.08212
-15.20235 -1.508858 90.08212
-15.19664 -1.824424 90.08212
-15.19093 -2.139991 90.08212
-15.18522 -2.455558 90.08212
-15.17951 -2.771124 90.08212
-15.1738 -3.086691 90.08212
-15.16809 -3.402257 90.08212
-15.16632 -3.717821 90.08212
-15.17239 -4.033381 90.08212
-15.17846 -4.348941 90.08212
-15.18454 -4.664501 90.08212
-15.19061 -4.98006 90.08212
-15.19669 -5.29562 90.08212
-15.20276 -5.61118 90.08212
-15.20884 -5.926739 90.08212
-15.21491 -6.242299 90.08212
-15.22099 -6.557859 90.08212
-15.22706 -6.873418 90.08212
-15.23314 -7.188978 90.08212
-15.23921 -7.504539 90.08212
-15.24529 -7.820097 90.08212
-15.25662 -8.135496 90.08212
-15.26989 -8.450835 90.08212
-15.28316 -8.766175 90.08212
-15.29643 -9.081514 90.08212
-15.3097 -9.396852 90.08212
-15.32298 -9.712192 90.08212
-15.33625 -10.02753 90.08212
-15.34952 -10.34287 90.08212
-15.36279 -10.65821 90.08212
-15.37606 -10.97355 90.08212
-15.38933 -11.28889 90.08212
-15.4026 -11.60423 90.08212
-15.41797 -11.91945 90.08212
-15.43882 -12.23438 90.08212
-15.45967 -12.54931 90.08212
-15.48052 -12.86424 90.08212
-15.50137 -13.17917 90.08212
-15.52221 -13.49409 90.08212
-15.54307 -13.80902 90.08211
-15.56391 -14.12395 90.08211
-15.58476 -14.43888 90.08211
-15.60561 -14.75381 90.08211
-15.62646 -15.06874 90.08211
-15.64731 -15.38367 90.08211
-15.67573 -15.69786 90.08211
-15.71619 -16.01087 90.08211
-15.75665 -16.32389 90.08211
-15.79711 -16.6369 90.08211
-15.83757 -16.94992 90.08211
-15.87803 -17.26293 90.08211
-15.91849 -17.57594 90.08211
-15.95895 -17.88896 90.08211
-15.9994 -18.20197 90.08211
-16.03986 -18.51499 90.08211
-16.07922 -18.82813 90.08211
-16.11329 -19.14191 90.08211
-16.14735 -19.45568 90.08211
-16.18142 -19.76945 90.08211
-16.21549 -20.08323 90.08211
-16.24956 -20.397 90.08211
-16.28363 -20.71078 90.08211
-16.3177 -21.02455 90.08211
-16.35302 -21.33818 90.08211
-16.38849 -21.6518 90.08211
-16.42396 -21.96542 90.08211
-16.45943 -22.27904 90.08211
-16.49491 -22.59266 90.08211
-16.53037 -22.90628 90.08211
-16.56584 -23.2199 90.08211
Stroke End
-28.55182 -8.361716 90.08212
-28.5015 -8.491479 90.08212
-28.45119 -8.621242 90.08212
-28.40087 -8.751005 90.08212
-28.35055 -8.880768 90.08212
-28.30023 -9.01053 90.08212
-28.24991 -9.140293 90.08212
-28.19959 -9.270057 90.08212
-28.14927 -9.399819 90.08212
-28.09895 -9.529582 90.08212
-28.04609 -9.658152 90.08212
-27.97839 -9.77975 90.08212
-27.91068 -9.901349 90.08212
-27.84297 -10.02295 90.08212
-27.77527 -10.14455 90.08212
-27.70756 -10.26615 90.08212
-27.63985 -10.38774 90.08212
-27.57215 -10.50934 90.08212
-27.50444 -10.63094 90.08212
-27.43674 -10.75254 90.08212
-27.36903 -10.87414 90.08212
-27.30132 -10.99574 90.08212
-27.23362 -11.11734 90.08212
-27.16591 -11.23894 90.08212
-27.09821 -11.36053 90.08212
-27.0305 -11.48213 90.08212
-26.96279 -11.60373 90.08212
-26.89509 -11.72533 90.08212
-26.82738 -11.84693 90.08212
-26.75967 -11.96853 90.08212
-26.69071 -12.08941 90.08212
-26.62096 -12.20985 90.08212
-26.55122 -12.3303 90.08212
-26.48147 -12.45074 90.08212
-26.41173 -12.57118 90.08212
-26.34199 -12.69162 90.08212
-26.27224 -12.81206 90.08212
-26.2025 -12.9325 90.08212
-26.13275 -13.05294 90.08212
-26.06301 -13.17338 90.08212
-25.99326 -13.29383 90.08212
-25.92352 -13.41427 90.08212
-25.85377 -13.53471 90.08212
-25.78403 -13.65515 90.08212
-25.71428 -13.77559 90.08212
-25.64454 -13.89603 90.08212
-25.57479 -14.01647 90.08212
-25.50505 -14.13691 90.08212
-25.4353 -14.25735 90.08212
-25.36871 -14.37954 90.08212
-25.30375 -14.50263 90.08212
-25.23878 -14.62571 90.08212
-25.17382 -14.7488 90.08212
-25.10886 -14.87188 90.08212
-25.04389 -14.99497 90.08212
-24.97893 -15.11806 90.08212
-24.91397 -15.24114 90.08212
-24.849 -15.36423 90.08212
-24.77533 -15.48216 90.08212
-24.69882 -15.59843 90.08212
-24.62231 -15.71469 90.08212
-24.54581 -15.83095 90.08212
-24.4693 -15.94722 90.08212
-24.3928 -16.06348 90.08212
-24.31629 -16.17974 90.08212
-24.23978 -16.29601 90.08212
-24.16327 -16.41227 90.08211
-24.08677 -16.52853 90.08211
-24.01026 -16.6448 90.08211
-23.93376 -16.76106 90.08211
-23.85725 -16.87732 90.08211
-23.78074 -16.99359 90.08211
-23.70424 -17.10985 90.08211
-23.62773 -17.22611 90.08211
-23.55122 -17.34238 90.08211
-23.47231 -17.45698 90.08211
-23.3907 -17.56972 90.08211
-23.3091 -17.68246 90.08211
-23.22749 -17.7952 90.08211
-23.14589 -17.90795 90.08211
-23.06428 -18.02069 90.08211
-22.98267 -18.13343 90.08211
-22.90107 -18.24618 90.08211
-22.8151 -18.35538 90.08211
-22.72171 -18.45858 90.08211
-22.62833 -18.56178 90.08211
-22.53495 -18.66498 90.08211
-22.43147 -18.75782 90.08211
-22.32593 -18.84854 90.08211
-22.22038 -18.93927 90.08211
-22.11484 -19.03 90.08211
-22.0093 -19.12072 90.08211
-21.90376 -19.21145 90.08211
-21.79822 -19.30218 90.08211
-21.67992 -19.37455 90.08211
-21.5581 -19.44186 90.08211
-21.43629 -19.50918 90.08211
-21.31447 -19.57649 90.08211
-21.19265 -19.64381 90.08211
-21.07084 -19.71112 90.08211
Stroke End
-4.008002 -5.71301 90.08212
-4.126719 -5.877028 90.08212
-4.245436 -6.041046 90.08212
-4.360166 -6.207632 90.08212
-4.46039 -6.383559 90.08212
-4.560615 -6.559487 90.08212
-4.66084 -6.735415 90.08212
-4.761065 -6.911342 90.08212
-4.861289 -7.08727 90.08212
-4.961514 -7.263198 90.08212
-5.061738 -7.439126 90.08212
-5.161963 -7.615053 90.08212
-5.262188 -7.790981 90.08212
-5.362413 -7.966908 90.08212
-5.462637 -8.142837 90.08212
-5.562862 -8.318764 90.08212
-5.663087 -8.494692 90.08212
-5.766546 -8.668567 90.08212
-5.883071 -8.834149 90.08212
-5.999596 -8.999732 90.08212
-6.11612 -9.165314 90.08212
-6.232645 -9.330896 90.08212
-6.349683 -9.496112 90.08212
-6.468405 -9.660127 90.08212
-6.587126 -9.824142 90.08212
-6.705848 -9.988156 90.08212
-6.824569 -10.15217 90.08212
-6.94329 -10.31618 90.08212
-7.062012 -10.4802 90.08212
-7.180733 -10.64421 90.08212
-7.299455 -10.80823 90.08212
-7.418176 -10.97224 90.08212
-7.536898 -11.13626 90.08212
-7.65698 -11.29919 90.08212
-7.789756 -11.45205 90.08212
-7.922532 -11.60491 90.08212
-8.055307 -11.75777 90.08212
-8.188084 -11.91063 90.08212
-8.320859 -12.06349 90.08212
-8.453635 -12.21635 90.08212
-8.586411 -12.36921 90.08212
-8.719187 -12.52207 90.08211
-8.851963 -12.67493 90.08211
-8.984738 -12.82779 90.08211
-9.117515 -12.98065 90.08211
-9.25029 -13.13351 90.08211
-9.383066 -13.28637 90.08211
-9.515842 -13.43923 90.08211
-9.648492 -13.5922 90.08211
-9.780473 -13.74575 90.08211
-9.912454 -13.89929 90.08211
-10.04443 -14.05284 90.08211
-10.17642 -14.20638 90.08211
-10.3084 -14.35993 90.08211
-10.44038 -14.51348 90.08211
-10.57236 -14.66702 90.08211
-10.70434 -14.82057 90.08211
-10.83632 -14.97412 90.08211
-10.9683 -15.12766 90.08211
-11.10028 -15.28121 90.08211
-11.23583 -15.4314 90.08211
-11.38138 -15.57215 90.08211
-11.52692 -15.7129 90.08211
-11.67247 -15.85365 90.08211
-11.81802 -15.99441 90.08211
-11.96357 -16.13516 90.08211
-12.10912 -16.27591 90.08211
-12.25466 -16.41667 90.08211
-12.40021 -16.55742 90.08211
-12.54576 -16.69817 90.08211
-12.69131 -16.83893 90.08211
-12.83685 -16.97968 90.08211
-12.9824 -17.12043 90.08211
-13.12795 -17.26118 90.08211
-13.2774 -17.39772 90.08211
-13.42909 -17.53183 90.08211
-13.58077 -17.66595 90.08211
-13.73246 -17.80006 90.08211
-13.88414 -17.93418 90.08211
-14.03583 -18.06829 90.08211
-14.18752 -18.20241 90.08211
-14.3392 -18.33653 90.08211
-14.49089 -18.47064 90.08211
-14.64257 -18.60476 90.08211
-14.79426 -18.73887 90.08211
-14.94594 -18.87299 90.08211
-15.09763 -19.0071 90.08211
-15.24932 -19.14121 90.08211
-15.40171 -19.27453 90.08211
-15.55408 -19.40786 90.08211
-15.70647 -19.54119 90.08211
-15.85885 -19.67451 90.08211
-16.01123 -19.80784 90.08211
-16.1636 -19.94116 90.08211
-16.31599 -20.07449 90.08211
-16.46836 -20.20782 90.08211
-16.62075 -20.34114 90.08211
-16.77312 -20.47447 90.08211
-16.92551 -20.6078 90.08211
-17.07789 -20.74112 90.08211
Stroke End
-37.06366 -26.99383 90.08211
-36.65545 -27.06903 90.08211
-36.24492 -27.04055 90.08211
-35.83375 -26.98375 90.08211
-35.42258 -26.92694 90.08211
-35.01141 -26.87013 90.08211
-34.60025 -26.81333 90.08211
-34.20514 -26.68693 90.08211
-33.81068 -26.55775 90.08211
-33.41621 -26.42858 90.08211
-33.02175 -26.29941 90.08211
-32.62729 -26.17023 90.08211
-32.23713 -26.02976 90.08211
-31.85678 -25.86357 90.08211
-31.47643 -25.69738 90.08211
-31.09608 -25.53118 90.08211
-30.71573 -25.36499 90.08211
-30.33537 -25.1988 90.08211
-29.95502 -25.03261 90.08211
-29.57467 -24.86642 90.08211
-29.19432 -24.70023 90.08211
-28.81397 -24.53403 90.08211
-28.43431 -24.36627 90.08211
-28.05468 -24.19844 90.08211
-27.67505 -24.03061 90.08211
-27.29542 -23.86278 90.08211
-26.91578 -23.69495 90.08211
-26.53069 -23.54069 90.08211
-26.14057 -23.39894 90.08211
-25.75046 -23.25718 90.08211
-25.36034 -23.11543 90.08211
-24.97022 -22.97368 90.08211
-24.5801 -22.83192 90.08211
-24.18998 -22.69017 90.08211
-23.79986 -22.54842 90.08211
-23.40974 -22.40667 90.08211
-23.01962 -22.26491 90.08211
-22.6295 -22.12316 90.08211
-22.23938 -21.98141 90.08211
-21.84926 -21.83965 90.08211
-21.45914 -21.6979 90.08211
-21.06903 -21.55614 90.08211
-20.67865 -21.41514 90.08211
-20.28403 -21.28644 90.08211
-19.88941 -21.15774 90.08211
-19.49479 -21.02904 90.08211
-19.10018 -20.90034 90.08211
-18.70556 -20.77165 90.08211
-18.31094 -20.64295 90.08211
-17.91632 -20.51425 90.08211
-17.5217 -20.38556 90.08211
-17.12708 -20.25686 90.08211
-16.73247 -20.12816 90.08211
-16.33784 -19.99946 90.08211
-15.94323 -19.87077 90.08211
-15.54695 -19.74762 90.08211
-15.14646 -19.63857 90.08211
-14.74596 -19.52951 90.08211
-14.34547 -19.42046 90.08211
-13.94498 -19.31141 90.08211
-13.54449 -19.20235 90.08211
-13.14399 -19.0933 90.08211
-12.7435 -18.98424 90.08211
-12.34301 -18.87519 90.08211
-11.94252 -18.76614 90.08211
-11.54202 -18.65708 90.08211
-11.14153 -18.54803 90.08211
-10.74104 -18.43898 90.08211
-10.34055 -18.32992 90.08211
-9.940123 -18.22062 90.08211
-9.541161 -18.1061 90.08211
-9.1422 -17.99157 90.08211
-8.743238 -17.87704 90.08211
-8.344276 -17.76251 90.08211
-7.945316 -17.64798 90.08211
-7.546354 -17.53345 90.08211
-7.147392 -17.41892 90.08211
-6.748432 -17.3044 90.08211
-6.349472 -17.18987 90.08211
-5.950508 -17.07534 90.08211
-5.551548 -16.96081 90.08211
-5.152587 -16.84628 90.08211
-4.753623 -16.73175 90.08211
-4.354663 -16.61722 90.08211
-3.955703 -16.5027 90.08211
-3.557142 -16.38685 90.08211
-3.1624 -16.25853 90.08211
-2.767658 -16.13022 90.08211
-2.372913 -16.0019 90.08211
-1.972867 -15.89278 90.08211
-1.568237 -15.80026 90.08211
-1.163607 -15.70774 90.08211
-0.758973 -15.61522 90.08211
-0.3543431 -15.5227 90.08211
0.05028673 -15.43017 90.08211
0.4594302 -15.36338 90.08211
0.8714086 -15.31279 90.08211
1.283387 -15.2622 90.08211
1.695371 -15.21162 90.08211
2.107933 -15.16602 90.08211
Stroke End
-0.2065987 3.968364 90.08212
0.1894159 4.077791 90.08212
0.5854306 4.187218 90.08212
0.9814453 4.296645 90.08212
1.383754 4.377302 90.08212
1.789287 4.443214 90.08212
2.194821 4.509126 90.08212
2.600354 4.575038 90.08212
3.005888 4.64095 90.08212
3.411422 4.706862 90.08212
3.816955 4.772774 90.08212
4.219932 4.852405 90.08212
4.621975 4.937039 90.08212
5.024018 5.021674 90.08212
5.426062 5.106308 90.08212
5.828105 5.190943 90.08212
6.230148 5.275578 90.08212
6.632192 5.360212 90.08212
7.034235 5.444847 90.08212
7.43573 5.531761 90.08212
7.832273 5.639259 90.08212
8.228815 5.746758 90.08212
8.625358 5.854257 90.08212
9.021901 5.961755 90.08212
9.418444 6.069254 90.08212
9.814985 6.176752 90.08212
10.21153 6.284251 90.08212
10.60807 6.391749 90.08212
11.00461 6.499248 90.08212
11.40116 6.606747 90.08212
11.7978 6.713859 90.08212
12.19619 6.814282 90.08212
12.59459 6.914705 90.08212
12.99298 7.015128 90.08212
13.39137 7.115551 90.08212
13.78976 7.215974 90.08212
14.18816 7.316397 90.08212
14.58655 7.41682 90.08212
14.98495 7.517242 90.08212
15.38334 7.617665 90.08212
15.78173 7.718088 90.08212
16.18013 7.818511 90.08212
16.57879 7.917838 90.08212
16.97835 8.013516 90.08212
17.37791 8.109194 90.08212
17.77747 8.204872 90.08212
18.17702 8.30055 90.08212
18.57658 8.396228 90.08212
18.97614 8.491906 90.08212
19.3757 8.587584 90.08212
19.77526 8.683262 90.08212
20.17482 8.77894 90.08212
20.57438 8.874618 90.08212
20.97394 8.970296 90.08212
21.3735 9.065974 90.08212
21.77438 9.155901 90.08212
22.17556 9.244577 90.08212
22.57673 9.333254 90.08212
22.9779 9.42193 90.08212
23.37907 9.510607 90.08212
23.78024 9.599283 90.08212
24.18141 9.687961 90.08212
24.58258 9.776637 90.08212
24.98376 9.865314 90.08212
25.38493 9.95399 90.08212
25.7861 10.04267 90.08212
26.18727 10.13134 90.08212
26.58844 10.22002 90.08212
26.98961 10.30869 90.08212
27.39078 10.39737 90.08212
27.79195 10.48604 90.08212
28.19313 10.57472 90.08212
28.5943 10.66339 90.08212
28.99547 10.75207 90.08212
29.39664 10.84074 90.08212
29.79781 10.92942 90.08212
30.19992 11.01309 90.08212
30.60598 11.07571 90.08212
31.01203 11.13833 90.08212
31.41809 11.20096 90.08212
31.82414 11.26358 90.08212
32.23019 11.3262 90.08212
32.63625 11.38882 90.08212
33.0423 11.45144 90.08212
33.44836 11.51406 90.08212
33.85482 11.57386 90.08212
34.26181 11.63009 90.08212
34.66881 11.68632 90.08212
35.07573 11.74301 90.08212
35.48238 11.80163 90.08212
35.88903 11.86025 90.08212
36.29568 11.91887 90.08212
36.70234 11.97749 90.08212
37.10958 12.03168 90.08212
37.51737 12.08176 90.08212
37.92516 12.13183 90.08212
38.33295 12.18191 90.08212
38.73499 12.26558 90.08212
39.13615 12.35427 90.08212
39.54517 12.37109 90.08212
Stroke End
22.35388 40.0453 90.08213
22.25285 39.26356 90.08213
22.14902 38.48219 90.08213
22.04034 37.70147 90.08213
21.93167 36.92075 90.08212
21.82691 36.13952 90.08212
21.73039 35.35721 90.08212
21.63387 34.5749 90.08212
21.55067 33.79109 90.08212
21.46858 33.00713 90.08212
21.38515 32.22332 90.08212
21.32995 31.4372 90.08212
21.28544 30.65021 90.08212
21.27958 29.86213 90.08212
21.27958 29.07389 90.08212
21.27958 28.28564 90.08212
21.27958 27.4974 90.08212
21.252 26.70975 90.08212
21.21807 25.92223 90.08212
21.18472 25.1347 90.08212
21.15233 24.34712 90.08212
21.11994 23.55954 90.08212
21.1143 22.77141 90.08212
21.1143 21.98316 90.08212
21.1143 21.19492 90.08212
21.1143 20.40667 90.08212
21.1143 19.61843 90.08212
21.09824 18.83051 90.08212
21.06584 18.04293 90.08212
21.03345 17.25536 90.08212
21.03166 16.46715 90.08212
21.03166 15.6789 90.08212
21.03166 14.89066 90.08212
21.03166 14.10241 90.08212
21.03166 13.31417 90.08212
21.03166 12.52592 90.08212
21.03166 11.73768 90.08212
21.00563 10.94992 90.08212
20.97594 10.16224 90.08212
20.94323 9.374729 90.08212
20.8814 8.588913 90.08212
20.81957 7.803098 90.08212
20.78374 7.016259 90.08212
20.78374 6.228013 90.08212
20.78374 5.439771 90.08212
20.7096 4.655538 90.08212
20.62452 3.871897 90.08212
20.53943 3.08826 90.08212
20.48342 2.302031 90.08212
20.42869 1.515687 90.08212
20.37396 0.7293469 90.08212
20.3427 -0.05825538 90.08212
20.31301 -0.8459412 90.08212
20.27943 -1.633415 90.08212
20.2247 -2.419758 90.08212
20.15622 -3.204957 90.08212
20.08016 -3.989521 90.08212
20.0041 -4.774089 90.08212
19.92582 -5.558433 90.08212
19.84397 -6.342419 90.08212
19.76212 -7.1264 90.08211
19.68832 -7.911109 90.08211
19.62905 -8.697124 90.08211
19.56978 -9.483136 90.08211
19.50246 -10.26847 90.08211
19.429 -11.05329 90.08211
19.35554 -11.8381 90.08211
19.28608 -12.62323 90.08211
19.23337 -13.40972 90.08211
19.18066 -14.19619 90.08211
19.1259 -14.98249 90.08211
19.03731 -15.76574 90.08211
18.94873 -16.549 90.08211
18.86014 -17.33224 90.08211
18.77155 -18.1155 90.08211
18.66263 -18.89576 90.08211
18.52227 -19.67141 90.08211
18.4222 -20.45265 90.08211
18.34614 -21.23721 90.08211
18.27008 -22.02178 90.08211
18.18803 -22.8057 90.08211
18.09565 -23.58852 90.08211
18.00327 -24.37133 90.08211
17.89028 -25.1513 90.08211
17.76775 -25.92997 90.08211
17.64522 -26.70863 90.08211
17.53897 -27.48968 90.08211
17.43296 -28.27076 90.0821
17.39554 -29.05647 90.0821
17.39554 -29.84472 90.0821
17.39554 -30.63297 90.0821
17.39554 -31.42121 90.0821
17.39553 -32.20946 90.0821
17.36351 -32.99564 90.0821
17.26246 -33.77737 90.0821
17.23026 -34.56355 90.0821
17.23026 -35.3518 90.0821
17.22937 -36.14001 90.0821
17.17464 -36.92636 90.0821
17.14762 -37.71367 90.0821
Stroke End
