9
water
120
-23.51084 36.30056 90.08213
-23.46662 36.18652 90.08213
-23.4224 36.07248 90.08213
-23.37817 35.95844 90.08213
-23.33395 35.84439 90.08213
-23.28973 35.73035 90.08213
-23.24653 35.61592 90.08213
-23.2049 35.5009 90.08213
-23.16327 35.38589 90.08213
-23.12165 35.27087 90.08213
-23.08002 35.15585 90.08213
-23.03839 35.04084 90.08213
-22.99677 34.92582 90.08213
-22.95514 34.81081 90.08213
-22.91351 34.69579 90.08213
-22.87188 34.58077 90.08213
-22.83026 34.46576 90.08213
-22.78863 34.35074 90.08213
-22.74373 34.23702 90.08213
-22.69533 34.12468 90.08213
-22.64693 34.01235 90.08213
-22.59853 33.90002 90.08213
-22.55013 33.78768 90.08213
-22.50173 33.67535 90.08213
-22.45333 33.56301 90.08213
-22.40493 33.45068 90.08213
-22.35653 33.33834 90.08213
-22.30813 33.22601 90.08213
-22.25973 33.11367 90.08213
-22.21133 33.00134 90.08213
-22.16293 32.88901 90.08213
-22.11453 32.77667 90.08213
-22.06613 32.66434 90.08213
-22.01773 32.55201 90.08213
-21.96933 32.43967 90.08213
-21.92011 32.3277 90.08213
-21.86969 32.21626 90.08213
-21.81927 32.10481 90.08213
-21.76886 31.99337 90.08213
-21.71844 31.88193 90.08213
-21.66802 31.77048 90.08213
-21.6176 31.65904 90.08213
-21.56719 31.5476 90.08213
-21.51527 31.43689 90.08213
-21.4578 31.32891 90.08213
-21.40033 31.22094 90.08213
-21.34286 31.11296 90.08213
-21.28539 31.00498 90.08213
-21.22792 30.89701 90.08213
-21.17045 30.78903 90.08213
-21.11298 30.68106 90.08213
-21.05552 30.57308 90.08213
-20.99804 30.4651 90.08213
-20.94058 30.35713 90.08213
-20.88311 30.24915 90.08213
-20.82564 30.14117 90.08213
-20.76817 30.0332 90.08213
-20.7107 29.92522 90.08213
-20.65095 29.8185 90.08213
-20.59074 29.71203 90.08213
-20.53053 29.60556 90.08213
-20.47032 29.49908 90.08213
-20.41011 29.39261 90.08213
-20.3499 29.28614 90.08213
-20.28969 29.17967 90.08213
-20.22948 29.0732 90.08213
-20.16927 28.96672 90.08213
-20.10905 28.86025 90.08213
-20.04884 28.75378 90.08213
-19.98863 28.64731 90.08213
-19.92842 28.54084 90.08213
-19.86829 28.43432 90.08213
-19.80879 28.32745 90.08213
-19.74928 28.22058 90.08213
-19.68978 28.11372 90.08213
-19.63027 28.00685 90.08213
-19.57077 27.89998 90.08213
-19.51127 27.79311 90.08212
-19.45176 27.68624 90.08212
-19.39226 27.57937 90.08212
-19.33276 27.47251 90.08212
-19.27325 27.36564 90.08212
-19.21375 27.25877 90.08212
-19.15058 27.15403 90.08212
-19.0874 27.04929 90.08212
-19.02422 26.94455 90.08212
-18.96104 26.83981 90.08212
-18.89787 26.73507 90.08212
-18.83469 26.63033 90.08212
-18.77151 26.5256 90.08212
-18.70833 26.42086 90.08212
-18.64515 26.31612 90.08212
-18.58197 26.21138 90.08212
-18.5188 26.10665 90.08212
-18.45562 26.00191 90.08212
-18.39244 25.89717 90.08212
-18.34097 25.78628 90.08212
-18.29055 25.67484 90.08212
-18.24013 25.56339 90.08212
-18.18971 25.45195 90.08212
Stroke End
-37.31158 20.77379 90.08212
-37.15882 20.66828 90.08212
-37.00606 20.56277 90.08212
-36.8533 20.45725 90.08212
-36.70053 20.35174 90.08212
-36.5591 20.23212 90.08212
-36.4232 20.10564 90.08212
-36.2873 19.97915 90.08212
-36.15139 19.85266 90.08212
-36.01549 19.72617 90.08212
-35.87959 19.59968 90.08212
-35.74368 19.47319 90.08212
-35.60778 19.3467 90.08212
-35.47187 19.22022 90.08212
-35.33597 19.09373 90.08212
-35.20006 18.96724 90.08212
-35.06626 18.83877 90.08212
-34.94801 18.69564 90.08212
-34.82977 18.55251 90.08212
-34.71152 18.40937 90.08212
-34.59327 18.26624 90.08212
-34.47503 18.12311 90.08212
-34.35678 17.97997 90.08212
-34.23853 17.83684 90.08212
-34.12029 17.69371 90.08212
-34.00204 17.55057 90.08212
-33.88379 17.40744 90.08212
-33.76554 17.26431 90.08212
-33.6473 17.12117 90.08212
-33.52905 16.97804 90.08212
-33.4108 16.83491 90.08212
-33.29834 16.68742 90.08212
-33.19314 16.53444 90.08212
-33.08794 16.38145 90.08212
-32.98275 16.22847 90.08212
-32.87755 16.07549 90.08212
-32.77235 15.92251 90.08212
-32.66716 15.76953 90.08212
-32.56196 15.61655 90.08212
-32.45676 15.46357 90.08212
-32.35157 15.31059 90.08212
-32.24637 15.15761 90.08212
-32.14118 15.00463 90.08212
-32.03598 14.85165 90.08212
-31.93078 14.69867 90.08212
-31.82559 14.54569 90.08212
-31.72808 14.38794 90.08212
-31.63776 14.22573 90.08212
-31.54744 14.06352 90.08212
-31.45712 13.90131 90.08212
-31.3668 13.7391 90.08212
-31.27649 13.57689 90.08212
-31.18617 13.41468 90.08212
-31.09585 13.25247 90.08212
-31.00553 13.09026 90.08212
-30.91521 12.92805 90.08212
-30.82489 12.76585 90.08212
-30.73457 12.60364 90.08212
-30.64425 12.44143 90.08212
-30.55393 12.27922 90.08212
-30.46362 12.11701 90.08212
-30.3696 11.95692 90.08212
-30.27507 11.79713 90.08212
-30.18054 11.63734 90.08212
-30.086 11.47755 90.08212
-29.99147 11.31776 90.08212
-29.89694 11.15797 90.08212
-29.80241 10.99818 90.08212
-29.70787 10.83839 90.08212
-29.61334 10.6786 90.08212
-29.51881 10.51881 90.08212
-29.42428 10.35902 90.08212
-29.32974 10.19923 90.08212
-29.23521 10.03944 90.08212
-29.14068 9.879647 90.08212
-29.04622 9.719814 90.08212
-28.95638 9.557339 90.08212
-28.86654 9.394863 90.08212
-28.7767 9.232387 90.08212
-28.68687 9.069912 90.08212
-28.59703 8.907436 90.08212
-28.50719 8.744961 90.08212
-28.41735 8.582485 90.08212
-28.32751 8.420009 90.08212
-28.23767 8.257534 90.08212
-28.14783 8.095058 90.08212
-28.05256 7.935721 90.08212
-27.95667 7.776743 90.08212
-27.86077 7.617765 90.08212
-27.7773 7.452639 90.08212
-27.70896 7.280015 90.08212
-27.64063 7.107388 90.08212
-27.57229 6.934762 90.08212
-27.50396 6.762136 90.08212
-27.43562 6.58951 90.08212
-27.36729 6.416884 90.08212
-27.29895 6.244258 90.08212
-27.23062 6.071631 90.08212
-27.20233 5.888212 90.08212
-27.17464 5.70463 90.08212
Stroke End
-38.30324 -25.25847 90.08211
-38.17899 -24.877 90.08211
-38.05473 -24.49554 90.08211
-37.93048 -24.11407 90.08211
-37.80622 -23.7326 90.08211
-37.68197 -23.35113 90.08211
-37.55656 -22.97019 90.08211
-37.35172 -22.62522 90.08211
-37.14689 -22.28025 90.08211
-36.94206 -21.93529 90.08211
-36.73723 -21.59032 90.08211
-36.53239 -21.24536 90.08211
-36.32756 -20.90039 90.08211
-36.12273 -20.55543 90.08211
-35.9179 -20.21046 90.08211
-35.71574 -19.86393 90.08211
-35.51584 -19.51608 90.08211
-35.31594 -19.16824 90.08211
-35.11604 -18.82039 90.08211
-34.91615 -18.47254 90.08211
-34.71624 -18.12469 90.08211
-34.51635 -17.77684 90.08211
-34.31645 -17.429 90.08211
-34.11655 -17.08115 90.08211
-33.91665 -16.7333 90.08211
-33.71675 -16.38545 90.08212
-33.51685 -16.03761 90.08212
-33.31695 -15.68976 90.08212
-33.11705 -15.34191 90.08212
-32.91716 -14.99406 90.08212
-32.71725 -14.64621 90.08212
-32.51736 -14.29837 90.08212
-32.31746 -13.95052 90.08212
-32.11756 -13.60267 90.08212
-31.92152 -13.25284 90.08212
-31.75616 -12.88731 90.08212
-31.5908 -12.52178 90.08212
-31.42543 -12.15625 90.08212
-31.26007 -11.79072 90.08212
-31.0947 -11.42519 90.08212
-30.92933 -11.05966 90.08212
-30.76397 -10.69413 90.08212
-30.58467 -10.33544 90.08212
-30.39668 -9.981015 90.08212
-30.20869 -9.626589 90.08212
-30.02071 -9.272162 90.08212
-29.83272 -8.917736 90.08212
-29.64473 -8.56331 90.08212
-29.45674 -8.208883 90.08212
-29.26875 -7.854459 90.08212
-29.08076 -7.500032 90.08212
-28.89277 -7.145606 90.08212
-28.70479 -6.791179 90.08212
-28.5168 -6.436753 90.08212
-28.32881 -6.082326 90.08212
-28.14082 -5.7279 90.08212
-27.95283 -5.373474 90.08212
-27.76906 -5.016859 90.08212
-27.58736 -4.659165 90.08212
-27.40567 -4.301472 90.08212
-27.22398 -3.943778 90.08212
-27.04228 -3.586084 90.08212
-26.86059 -3.22839 90.08212
-26.6789 -2.870695 90.08212
-26.4972 -2.513001 90.08212
-26.31551 -2.155307 90.08212
-26.13381 -1.797612 90.08212
-25.95212 -1.439918 90.08212
-25.77043 -1.082224 90.08212
-25.58873 -0.7245296 90.08212
-25.40704 -0.3668371 90.08212
-25.22497 -0.009334196 90.08212
-25.04004 0.3466972 90.08212
-24.85511 0.7027285 90.08212
-24.67018 1.05876 90.08212
-24.48525 1.414791 90.08212
-24.30031 1.770823 90.08212
-24.11538 2.126854 90.08212
-23.93045 2.482885 90.08212
-23.74552 2.838916 90.08212
-23.56059 3.194946 90.08212
-23.37566 3.550977 90.08212
-23.19073 3.907009 90.08212
-23.00579 4.26304 90.08212
-22.82086 4.619071 90.08212
-22.62959 4.971524 90.08212
-22.42048 5.313912 90.08212
-22.21136 5.656301 90.08212
-22.00225 5.99869 90.08212
-21.79314 6.341079 90.08212
-21.58403 6.683467 90.08212
-21.37492 7.025856 90.08212
-21.16581 7.368245 90.08212
-20.9567 7.710633 90.08212
-20.74758 8.053022 90.08212
-20.53847 8.395411 90.08212
-20.32531 8.735271 90.08212
-20.10937 9.073387 90.08212
-19.89342 9.411507 90.08212
-19.67747 9.749626 90.08212
Stroke End
-7.644125 38.4926 90.08213
-7.591829 38.3192 90.08213
-7.539532 38.14581 90.08213
-7.487235 37.97241 90.08213
-7.427098 37.80162 90.08213
-7.365463 37.63132 90.08213
-7.303828 37.46102 90.08213
-7.242193 37.29072 90.08213
-7.180558 37.12042 90.08213
-7.118923 36.95012 90.08213
-7.057288 36.77982 90.08213
-6.995653 36.60952 90.08213
-6.934018 36.43922 90.08213
-6.872383 36.26893 90.08213
-6.810536 36.09871 90.08213
-6.747034 35.9291 90.08213
-6.683532 35.75948 90.08213
-6.620029 35.58987 90.08213
-6.556527 35.42026 90.08213
-6.493025 35.25065 90.08213
-6.429523 35.08104 90.08213
-6.36602 34.91143 90.08213
-6.302518 34.74181 90.08213
-6.239016 34.5722 90.08213
-6.175513 34.40259 90.08213
-6.11201 34.23298 90.08213
-6.048508 34.06337 90.08213
-5.985006 33.89376 90.08213
-5.921504 33.72415 90.08213
-5.858001 33.55453 90.08213
-5.795427 33.38458 90.08213
-5.733792 33.21428 90.08213
-5.672158 33.04398 90.08213
-5.610523 32.87368 90.08213
-5.548888 32.70338 90.08213
-5.487253 32.53309 90.08213
-5.425619 32.36279 90.08213
-5.363984 32.19249 90.08213
-5.302349 32.02219 90.08212
-5.240714 31.85189 90.08212
-5.179079 31.68159 90.08212
-5.117445 31.51129 90.08212
-5.055809 31.34099 90.08212
-4.994175 31.17069 90.08212
-4.93254 31.0004 90.08212
-4.870905 30.8301 90.08212
-4.803966 30.66195 90.08212
-4.729316 30.49695 90.08212
-4.654665 30.33194 90.08212
-4.580015 30.16693 90.08212
-4.505364 30.00192 90.08212
-4.430714 29.83691 90.08212
-4.356064 29.6719 90.08212
-4.281414 29.50689 90.08212
-4.206764 29.34188 90.08212
-4.132113 29.17688 90.08212
-4.057463 29.01187 90.08212
-3.982813 28.84686 90.08212
-3.908162 28.68185 90.08212
-3.833512 28.51684 90.08212
-3.758814 28.35185 90.08212
-3.681249 28.18819 90.08212
-3.603685 28.02454 90.08212
-3.52612 27.86088 90.08212
-3.448555 27.69722 90.08212
-3.37099 27.53356 90.08212
-3.293426 27.3699 90.08212
-3.215861 27.20624 90.08212
-3.138296 27.04258 90.08212
-3.060732 26.87892 90.08212
-2.983167 26.71526 90.08212
-2.905602 26.5516 90.08212
-2.826677 26.38861 90.08212
-2.744529 26.22721 90.08212
-2.66238 26.0658 90.08212
-2.580231 25.90439 90.08212
-2.498083 25.74298 90.08212
-2.415934 25.58158 90.08212
-2.333785 25.42017 90.08212
-2.251637 25.25876 90.08212
-2.169488 25.09736 90.08212
-2.08311 24.93841 90.08212
-1.983553 24.78712 90.08212
-1.883997 24.63583 90.08212
-1.78444 24.48453 90.08212
-1.684884 24.33324 90.08212
-1.585328 24.18195 90.08212
-1.485771 24.03066 90.08212
-1.365269 23.89733 90.08212
-1.230938 23.77585 90.08212
-1.096609 23.65438 90.08212
-0.9622778 23.53291 90.08212
-0.8279482 23.41143 90.08212
-0.6936172 23.28996 90.08212
-0.5592875 23.16848 90.08212
-0.3952099 23.09618 90.08212
-0.2252666 23.03357 90.08212
-0.05532319 22.97096 90.08212
0.114622 22.90836 90.08212
0.2845653 22.84575 90.08212
Stroke End
22.27125 42.14597 90.08213
22.07621 41.87649 90.08213
21.88515 41.60427 90.08213
21.70318 41.3258 90.08213
21.5212 41.04733 90.08213
21.33923 40.76887 90.08213
21.15725 40.4904 90.08213
20.97528 40.21193 90.08213
20.79212 39.93424 90.08213
20.60719 39.65773 90.08213
20.42227 39.38121 90.08213
20.23734 39.10469 90.08213
20.05242 38.82817 90.08213
19.8675 38.55165 90.08213
19.68257 38.27513 90.08213
19.49765 37.99861 90.08213
19.30643 37.72643 90.08213
19.11368 37.45531 90.08213
18.92094 37.18419 90.08213
18.72819 36.91306 90.08213
18.53544 36.64194 90.08212
18.3427 36.37082 90.08212
18.14995 36.09969 90.08212
17.9572 35.82857 90.08212
17.76446 35.55744 90.08212
17.57887 35.28159 90.08212
17.40535 34.99778 90.08212
17.23184 34.71395 90.08212
17.05833 34.43014 90.08212
16.88482 34.14632 90.08212
16.7113 33.8625 90.08212
16.53779 33.57869 90.08212
16.36427 33.29486 90.08212
16.19076 33.01105 90.08212
16.01725 32.72723 90.08212
15.84374 32.44341 90.08212
15.67022 32.15959 90.08212
15.47359 31.89307 90.08212
15.2504 31.6464 90.08212
15.02721 31.39973 90.08212
14.80402 31.15306 90.08212
14.58083 30.90639 90.08212
14.35764 30.65971 90.08212
14.13445 30.41304 90.08212
13.91127 30.16637 90.08212
13.68808 29.9197 90.08212
13.46489 29.67303 90.08212
13.2417 29.42636 90.08212
13.01851 29.17969 90.08212
12.79532 28.93302 90.08212
12.56863 28.68957 90.08212
12.34144 28.44658 90.08212
12.11425 28.20359 90.08212
11.88707 27.96059 90.08212
11.65988 27.7176 90.08212
11.43269 27.47461 90.08212
11.20551 27.23162 90.08212
10.97832 26.98862 90.08212
10.75113 26.74563 90.08212
10.52394 26.50264 90.08212
10.29676 26.25965 90.08212
10.06549 26.02058 90.08212
9.831491 25.78414 90.08212
9.597498 25.54769 90.08212
9.363505 25.31124 90.08212
9.129513 25.0748 90.08212
8.895519 24.83835 90.08212
8.661525 24.60191 90.08212
8.427532 24.36546 90.08212
8.19354 24.12901 90.08212
7.959547 23.89257 90.08212
7.725554 23.65612 90.08212
7.49156 23.41968 90.08212
7.249474 23.19259 90.08212
6.981663 22.99527 90.08212
6.713853 22.79794 90.08212
6.446043 22.60062 90.08212
6.178232 22.40329 90.08212
5.91042 22.20597 90.08212
5.64261 22.00864 90.08212
5.3748 21.81132 90.08212
5.10699 21.614 90.08212
4.83918 21.41667 90.08212
4.571367 21.21935 90.08212
4.303557 21.02202 90.08212
4.038145 20.82163 90.08212
3.782035 20.60934 90.08212
3.525926 20.39705 90.08212
3.269816 20.18476 90.08212
3.013705 19.97247 90.08212
2.757595 19.76018 90.08212
2.501486 19.54789 90.08212
2.245376 19.3356 90.08212
1.989266 19.12331 90.08212
1.728875 18.91691 90.08212
1.447616 18.73928 90.08212
1.166357 18.56165 90.08212
0.8850957 18.38402 90.08212
0.6038379 18.20639 90.08212
0.3225769 18.02876 90.08212
Stroke End
-11.77608 17.39446 90.08212
-11.4217 17.39446 90.08212
-11.06732 17.39446 90.08212
-10.71295 17.39446 90.08212
-10.35857 17.39446 90.08212
-10.00419 17.39446 90.08212
-9.650029 17.39957 90.08212
-9.296925 17.42959 90.08212
-8.943821 17.45961 90.08212
-8.590688 17.48927 90.08212
-8.237359 17.51651 90.08212
-7.88403 17.54376 90.08212
-7.530701 17.571 90.08212
-7.177372 17.59825 90.08212
-6.824043 17.62549 90.08212
-6.470714 17.65273 90.08212
-6.117385 17.67998 90.08212
-5.764056 17.70722 90.08212
-5.410728 17.73447 90.08212
-5.057738 17.76432 90.08212
-4.709223 17.82851 90.08212
-4.360709 17.89271 90.08212
-4.012195 17.95691 90.08212
-3.66368 18.02111 90.08212
-3.315166 18.0853 90.08212
-2.966651 18.1495 90.08212
-2.618137 18.2137 90.08212
-2.269623 18.2779 90.08212
-1.921108 18.34209 90.08212
-1.572609 18.40637 90.08212
-1.224233 18.47132 90.08212
-0.8758574 18.53626 90.08212
-0.5274814 18.60121 90.08212
-0.1791054 18.66615 90.08212
0.1692704 18.7311 90.08212
0.5176464 18.79604 90.08212
0.8660224 18.86099 90.08212
1.214398 18.92593 90.08212
1.562774 18.99088 90.08212
1.91115 19.05582 90.08212
2.259526 19.12076 90.08212
2.607902 19.18571 90.08212
2.956278 19.25065 90.08212
3.304654 19.3156 90.08212
3.65303 19.38054 90.08212
4.001406 19.44549 90.08212
4.349783 19.51043 90.08212
4.698159 19.57537 90.08212
5.046535 19.64032 90.08212
5.394134 19.70915 90.08212
5.740671 19.78328 90.08212
6.087209 19.85741 90.08212
6.433746 19.93154 90.08212
6.780284 20.00567 90.08212
7.126822 20.0798 90.08212
7.47336 20.15393 90.08212
7.819983 20.22761 90.08212
8.169346 20.28702 90.08212
8.518709 20.34642 90.08212
8.868073 20.40582 90.08212
9.217437 20.46523 90.08212
9.5668 20.52463 90.08212
9.916163 20.58403 90.08212
10.26553 20.64343 90.08212
10.61489 20.70284 90.08212
10.96425 20.76224 90.08212
11.31362 20.82164 90.08212
11.66298 20.88104 90.08212
12.01234 20.94045 90.08212
12.35772 21.01892 90.08212
12.70163 21.10444 90.08212
13.04553 21.18996 90.08212
13.38943 21.27548 90.08212
13.73334 21.36099 90.08212
14.07724 21.44651 90.08212
14.42115 21.53203 90.08212
14.76505 21.61755 90.08212
15.10896 21.70307 90.08212
15.45243 21.79018 90.08212
15.79271 21.88915 90.08212
16.13299 21.98812 90.08212
16.47326 22.08709 90.08212
16.81354 22.18605 90.08212
17.15382 22.28502 90.08212
17.4941 22.38399 90.08212
17.83437 22.48296 90.08212
18.17465 22.58193 90.08212
18.51493 22.68089 90.08212
18.85466 22.78173 90.08212
19.19431 22.8828 90.08212
19.53398 22.98387 90.08212
19.87364 23.08494 90.08212
20.2133 23.18601 90.08212
20.55296 23.28708 90.08212
20.88997 23.39639 90.08212
21.22493 23.51208 90.08212
21.55989 23.62777 90.08212
21.89485 23.74346 90.08212
22.2375 23.83087 90.08212
22.58493 23.90069 90.08212
Stroke End
-8.139959 3.055023 90.08212
-7.847855 3.055023 90.08212
-7.555751 3.055023 90.08212
-7.263647 3.055023 90.08212
-6.972112 3.065362 90.08212
-6.681776 3.097455 90.08212
-6.391439 3.129546 90.08212
-6.102229 3.169667 90.08212
-5.814258 3.21863 90.08212
-5.526286 3.267593 90.08212
-5.238315 3.316556 90.08212
-4.950343 3.36552 90.08212
-4.662372 3.414483 90.08212
-4.374401 3.463446 90.08212
-4.086449 3.51252 90.08212
-3.799873 3.569079 90.08212
-3.513297 3.625638 90.08212
-3.22672 3.682196 90.08212
-2.940144 3.738755 90.08212
-2.653568 3.795314 90.08212
-2.366991 3.851872 90.08212
-2.080414 3.908431 90.08212
-1.793838 3.96499 90.08212
-1.512425 4.043095 90.08212
-1.231339 4.122567 90.08212
-0.9502537 4.202039 90.08212
-0.6691682 4.281511 90.08212
-0.3880825 4.360983 90.08212
-0.1069965 4.440455 90.08212
0.1740886 4.519927 90.08212
0.4551747 4.599399 90.08212
0.7362599 4.678871 90.08212
1.017346 4.758343 90.08212
1.298432 4.837815 90.08212
1.579517 4.917287 90.08212
1.860295 4.997824 90.08212
2.140346 5.080864 90.08212
2.420399 5.163905 90.08212
2.70045 5.246945 90.08212
2.980503 5.329987 90.08212
3.260554 5.413027 90.08212
3.540607 5.496068 90.08212
3.820659 5.579109 90.08212
4.100711 5.662149 90.08212
4.380763 5.74519 90.08212
4.660815 5.828231 90.08212
4.940867 5.911272 90.08212
5.221756 5.99117 90.08212
5.505998 6.058487 90.08212
5.79024 6.125805 90.08212
6.074481 6.193123 90.08212
6.358723 6.26044 90.08212
6.642964 6.327758 90.08212
6.927206 6.395076 90.08212
7.211447 6.462393 90.08212
7.495689 6.529711 90.08212
7.779931 6.597028 90.08212
8.064174 6.664346 90.08212
8.348413 6.731663 90.08212
8.632655 6.798981 90.08212
8.916898 6.866299 90.08212
9.201139 6.933617 90.08212
9.485379 7.000934 90.08212
9.769621 7.068252 90.08212
10.05445 7.133058 90.08212
10.33932 7.197642 90.08212
10.6242 7.262226 90.08212
10.90907 7.32681 90.08212
11.19394 7.391394 90.08212
11.47882 7.455978 90.08212
11.7637 7.520562 90.08212
12.04857 7.585146 90.08212
12.33345 7.64973 90.08212
12.61832 7.714314 90.08212
12.9032 7.778898 90.08212
13.1912 7.825369 90.08212
13.48124 7.860023 90.08212
13.77128 7.894677 90.08212
14.06132 7.929331 90.08212
14.35136 7.963985 90.08212
14.6414 7.998639 90.08212
14.93145 8.033293 90.08212
15.22149 8.067947 90.08212
15.51153 8.102601 90.08212
15.80157 8.137256 90.08212
16.0916 8.171969 90.08212
16.38153 8.207572 90.08212
16.67146 8.243176 90.08212
16.96139 8.278778 90.08212
17.25131 8.314382 90.08212
17.54124 8.349984 90.08212
17.83116 8.385587 90.08212
18.12109 8.42119 90.08212
18.41153 8.451602 90.08212
18.70284 8.473063 90.08212
18.99416 8.494526 90.08212
19.28547 8.515988 90.08212
19.57688 8.535047 90.08212
19.86898 8.535048 90.08212
20.16108 8.535048 90.08212
Stroke End
-23.09764 -11.37572 90.08212
-22.51083 -11.33757 90.08212
-21.92401 -11.29942 90.08212
-21.33859 -11.24525 90.08212
-20.75409 -11.18065 90.08212
-20.16959 -11.11605 90.08212
-19.58509 -11.05145 90.08212
-19.00159 -10.97915 90.08212
-18.41981 -10.89342 90.08212
-17.84109 -10.79275 90.08212
-17.2724 -10.6431 90.08212
-16.7037 -10.49345 90.08212
-16.135 -10.3438 90.08212
-15.5663 -10.19415 90.08212
-14.99761 -10.0445 90.08212
-14.42935 -9.893238 90.08212
-13.86404 -9.731256 90.08212
-13.29873 -9.569272 90.08212
-12.73343 -9.40729 90.08212
-12.16812 -9.245307 90.08212
-11.60281 -9.083324 90.08212
-11.0375 -8.921342 90.08212
-10.47219 -8.759359 90.08212
-9.905171 -8.603946 90.08212
-9.332636 -8.469721 90.08212
-8.760101 -8.335496 90.08212
-8.187567 -8.201272 90.08212
-7.615032 -8.067047 90.08212
-7.042497 -7.932822 90.08212
-6.469962 -7.798598 90.08212
-5.897428 -7.664373 90.08212
-5.324893 -7.530149 90.08212
-4.752358 -7.395924 90.08212
-4.182142 -7.252298 90.08212
-3.612872 -7.104838 90.08212
-3.043604 -6.957378 90.08212
-2.474334 -6.809917 90.08212
-1.905065 -6.662457 90.08212
-1.335795 -6.514996 90.08212
-0.7665251 -6.367536 90.08212
-0.1972575 -6.220076 90.08212
0.3720124 -6.072615 90.08212
0.945585 -5.945144 90.08212
1.52511 -5.845326 90.08212
2.104635 -5.745509 90.08212
2.68416 -5.645691 90.08212
3.263683 -5.545874 90.08212
3.843208 -5.446056 90.08212
4.422733 -5.346238 90.08212
5.002258 -5.24642 90.08212
5.581783 -5.146603 90.08212
6.161306 -5.046785 90.08212
6.740831 -4.946967 90.08212
7.322542 -4.862628 90.08212
7.907042 -4.798028 90.08212
8.491541 -4.733428 90.08212
9.07604 -4.668828 90.08212
9.66054 -4.604228 90.08212
10.24504 -4.539629 90.08212
10.82953 -4.475029 90.08212
11.41403 -4.410429 90.08212
11.99853 -4.345829 90.08212
12.58303 -4.281229 90.08212
13.16914 -4.237399 90.08212
13.75661 -4.211077 90.08212
14.34408 -4.184755 90.08212
14.93155 -4.158433 90.08212
15.51902 -4.132111 90.08212
16.10649 -4.105789 90.08212
16.69396 -4.079467 90.08212
17.28143 -4.053145 90.08212
17.86889 -4.026824 90.08212
18.45636 -4.000501 90.08212
19.0439 -3.97624 90.08212
19.63186 -3.96541 90.08212
20.21981 -3.954581 90.08212
20.80777 -3.943751 90.08212
21.39573 -3.932921 90.08212
21.98369 -3.922091 90.08212
22.57165 -3.911262 90.08212
23.15961 -3.900432 90.08212
23.74756 -3.889602 90.08212
24.33559 -3.886352 90.08212
24.92365 -3.886352 90.08212
25.51171 -3.886353 90.08212
26.09977 -3.886353 90.08212
26.68782 -3.886353 90.08212
27.27588 -3.886354 90.08212
27.86337 -3.904971 90.08212
28.45032 -3.941008 90.08212
29.03728 -3.977045 90.08212
29.62423 -4.013082 90.08211
30.21118 -4.049119 90.08211
30.79863 -4.06901 90.08211
31.38669 -4.06901 90.08211
31.97474 -4.06901 90.08211
32.5628 -4.06901 90.08211
33.15086 -4.069011 90.08211
33.73892 -4.069013 90.08211
34.32698 -4.069011 90.08211
Stroke End
5.908695 16.20713 90.08212
5.9054 15.6008 90.08212
5.871162 14.99535 90.08212
5.836924 14.3899 90.08212
5.826057 13.78379 90.08212
5.812707 13.17821 90.08212
5.737096 12.57652 90.08212
5.661484 11.97483 90.08212
5.585873 11.37315 90.08212
5.510261 10.77146 90.08212
5.434649 10.16978 90.08212
5.412862 9.564721 90.08212
5.412861 8.958303 90.08212
5.412861 8.351885 90.08212
5.412861 7.745466 90.08212
5.383438 7.140156 90.08212
5.337844 6.535454 90.08212
5.28882 5.931022 90.08212
5.239108 5.326645 90.08212
5.189395 4.722268 90.08212
5.139683 4.117891 90.08212
5.08997 3.513514 90.08212
5.040257 2.909136 90.08212
4.98716 2.30509 90.08212
4.919007 1.702513 90.08212
4.850855 1.099936 90.08212
4.825721 0.4945285 90.08212
4.814292 -0.1117824 90.08212
4.802863 -0.7180934 90.08212
4.791434 -1.324404 90.08212
4.780005 -1.930713 90.08212
4.768576 -2.537024 90.08212
4.757147 -3.143335 90.08212
4.734741 -3.74925 90.08212
4.702511 -4.354812 90.08212
4.670282 -4.960371 90.08212
4.625172 -5.565104 90.08212
4.579576 -6.169806 90.08212
4.533981 -6.774508 90.08212
4.488386 -7.37921 90.08212
4.442791 -7.983911 90.08212
4.404713 -8.58909 90.08212
4.373401 -9.194699 90.08212
4.34209 -9.800309 90.08212
4.310778 -10.40592 90.08211
4.279467 -11.01153 90.08211
4.248573 -11.61716 90.08211
4.218949 -12.22285 90.08211
4.189325 -12.82855 90.08211
4.159701 -13.43424 90.08211
4.130076 -14.03994 90.08211
4.100452 -14.64563 90.08211
4.080156 -15.25167 90.08211
4.064486 -15.85789 90.08211
4.048816 -16.4641 90.08211
4.033145 -17.07032 90.08211
4.017475 -17.67653 90.08211
3.995258 -18.28249 90.08211
3.963027 -18.88805 90.08211
3.930796 -19.49361 90.08211
3.898565 -20.09917 90.08211
3.866334 -20.70473 90.08211
3.837831 -21.31045 90.08211
3.819551 -21.9166 90.08211
3.80127 -22.52274 90.08211
3.782989 -23.12888 90.08211
3.764708 -23.73502 90.08211
3.734509 -24.34065 90.08211
3.700271 -24.9461 90.08211
3.666032 -25.55155 90.08211
3.631794 -26.157 90.08211
3.597556 -26.76245 90.08211
3.563318 -27.3679 90.08211
3.529079 -27.97335 90.08211
3.49484 -28.5788 90.08211
3.4606 -29.18425 90.08211
3.422589 -29.78936 90.08211
3.347491 -30.39111 90.08211
3.272392 -30.99286 90.08211
3.197293 -31.59461 90.0821
3.122194 -32.19636 90.0821
3.024384 -32.79464 90.0821
2.9164 -33.39137 90.0821
2.799965 -33.98641 90.0821
2.670575 -34.57886 90.0821
2.541185 -35.17131 90.0821
2.411795 -35.76377 90.0821
2.282404 -36.35622 90.0821
2.198127 -36.95662 90.0821
2.117559 -37.55766 90.0821
2.036992 -38.1587 90.0821
1.956424 -38.75974 90.0821
1.853345 -39.35724 90.0821
1.745361 -39.95396 90.0821
1.637378 -40.55069 90.0821
1.556261 -41.15147 90.0821
1.483628 -41.75352 90.0821
1.424095 -42.35686 90.0821
1.378503 -42.96156 90.0821
1.363548 -43.56742 90.0821
Stroke End
