8
water
120
-26.73376 30.63787 90.08213
-26.6482 30.48025 90.08213
-26.56263 30.32264 90.08213
-26.47707 30.16503 90.08213
-26.3915 30.00741 90.08213
-26.30594 29.8498 90.08213
-26.2177 29.69379 90.08213
-26.11912 29.54397 90.08213
-26.02053 29.39416 90.08213
-25.92195 29.24434 90.08213
-25.82336 29.09453 90.08213
-25.72478 28.94471 90.08213
-25.6262 28.7949 90.08213
-25.53181 28.64248 90.08213
-25.44164 28.48746 90.08213
-25.35147 28.33243 90.08213
-25.2613 28.17741 90.08213
-25.17113 28.02238 90.08213
-25.08096 27.86736 90.08213
-24.99079 27.71234 90.08213
-24.90062 27.55731 90.08213
-24.81129 27.40181 90.08213
-24.72451 27.24486 90.08213
-24.63773 27.08791 90.08213
-24.55095 26.93097 90.08213
-24.46417 26.77402 90.08213
-24.37739 26.61707 90.08212
-24.29061 26.46013 90.08212
-24.20382 26.30318 90.08212
-24.11704 26.14623 90.08212
-24.03026 25.98929 90.08212
-23.94348 25.83234 90.08212
-23.85842 25.67446 90.08212
-23.77386 25.5163 90.08212
-23.6893 25.35815 90.08212
-23.60475 25.19999 90.08212
-23.52019 25.04184 90.08212
-23.43563 24.88368 90.08212
-23.35107 24.72552 90.08212
-23.26651 24.56737 90.08212
-23.18195 24.40921 90.08212
-23.09739 24.25106 90.08212
-23.01283 24.0929 90.08212
-22.92828 23.93475 90.08212
-22.84314 23.77692 90.08212
-22.75051 23.62335 90.08212
-22.65788 23.46979 90.08212
-22.56525 23.31622 90.08212
-22.47262 23.16265 90.08212
-22.37999 23.00909 90.08212
-22.28736 22.85552 90.08212
-22.19472 22.70195 90.08212
-22.10209 22.54839 90.08212
-22.00946 22.39482 90.08212
-21.91683 22.24125 90.08212
-21.82553 22.08691 90.08212
-21.73655 21.9312 90.08212
-21.64757 21.77549 90.08212
-21.55859 21.61978 90.08212
-21.46961 21.46407 90.08212
-21.38062 21.30836 90.08212
-21.29164 21.15265 90.08212
-21.20266 20.99694 90.08212
-21.11368 20.84123 90.08212
-21.0247 20.68552 90.08212
-20.93572 20.52981 90.08212
-20.84801 20.3734 90.08212
-20.76479 20.21453 90.08212
-20.68157 20.05567 90.08212
-20.59836 19.8968 90.08212
-20.51514 19.73794 90.08212
-20.43192 19.57907 90.08212
-20.34871 19.42021 90.08212
-20.26549 19.26134 90.08212
-20.18227 19.10248 90.08212
-20.09905 18.94361 90.08212
-20.01583 18.78475 90.08212
-19.93635 18.62411 90.08212
-19.8657 18.45927 90.08212
-19.79505 18.29443 90.08212
-19.7244 18.12959 90.08212
-19.65376 17.96475 90.08212
-19.58311 17.79991 90.08212
-19.51245 17.63507 90.08212
-19.4418 17.47024 90.08212
-19.37115 17.3054 90.08212
-19.3005 17.14056 90.08212
-19.22986 16.97572 90.08212
-19.17114 16.8064 90.08212
-19.116 16.63575 90.08212
-19.06085 16.4651 90.08212
-19.00571 16.29445 90.08212
-18.95056 16.12379 90.08212
-18.89542 15.95314 90.08212
-18.84027 15.78249 90.08212
-18.78739 15.61116 90.08212
-18.74041 15.43809 90.08212
-18.69343 15.26501 90.08212
-18.64645 15.09193 90.08212
-18.59947 14.91885 90.08212
Stroke End
-37.64213 12.73642 90.08212
-37.51218 12.61674 90.08212
-37.38223 12.49705 90.08212
-37.25229 12.37737 90.08212
-37.12233 12.25769 90.08212
-36.99239 12.138 90.08212
-36.86243 12.01832 90.08212
-36.73249 11.89864 90.08212
-36.60254 11.77895 90.08212
-36.47259 11.65927 90.08212
-36.34264 11.53959 90.08212
-36.21269 11.41991 90.08212
-36.09126 11.29202 90.08212
-35.97672 11.15752 90.08212
-35.86218 11.02302 90.08212
-35.74764 10.88851 90.08212
-35.6331 10.75401 90.08212
-35.51856 10.61951 90.08212
-35.40402 10.485 90.08212
-35.28948 10.3505 90.08212
-35.17494 10.21599 90.08212
-35.0604 10.08149 90.08212
-34.94586 9.946987 90.08212
-34.83146 9.812378 90.08212
-34.73135 9.666808 90.08212
-34.63125 9.521237 90.08212
-34.53115 9.375668 90.08212
-34.43105 9.230098 90.08212
-34.33095 9.084528 90.08212
-34.23085 8.938958 90.08212
-34.13075 8.793387 90.08212
-34.03065 8.647818 90.08212
-33.93055 8.502248 90.08212
-33.83044 8.356678 90.08212
-33.73034 8.211108 90.08212
-33.63024 8.065538 90.08212
-33.53014 7.919968 90.08212
-33.43004 7.774398 90.08212
-33.32994 7.628828 90.08212
-33.22871 7.484055 90.08212
-33.12512 7.340945 90.08212
-33.02153 7.197835 90.08212
-32.91795 7.054725 90.08212
-32.81436 6.911615 90.08212
-32.71077 6.768506 90.08212
-32.60719 6.625396 90.08212
-32.51084 6.477327 90.08212
-32.41495 6.328952 90.08212
-32.31905 6.180577 90.08212
-32.22316 6.032202 90.08212
-32.12727 5.883826 90.08212
-32.03138 5.735451 90.08212
-31.93548 5.587075 90.08212
-31.83959 5.4387 90.08212
-31.74369 5.290325 90.08212
-31.6478 5.141949 90.08212
-31.55191 4.993574 90.08212
-31.45601 4.845198 90.08212
-31.36012 4.696823 90.08212
-31.26423 4.548448 90.08212
-31.16833 4.400072 90.08212
-31.07244 4.251697 90.08212
-30.97655 4.103322 90.08212
-30.88013 3.955289 90.08212
-30.78348 3.807399 90.08212
-30.68684 3.659509 90.08212
-30.5902 3.51162 90.08212
-30.49356 3.36373 90.08212
-30.39692 3.21584 90.08212
-30.30028 3.06795 90.08212
-30.20364 2.920061 90.08212
-30.107 2.772171 90.08212
-30.01036 2.624281 90.08212
-29.91372 2.476391 90.08212
-29.81557 2.329506 90.08212
-29.71637 2.183322 90.08212
-29.61716 2.037137 90.08212
-29.51796 1.890951 90.08212
-29.41876 1.744767 90.08212
-29.31854 1.599281 90.08212
-29.21762 1.454279 90.08212
-29.1167 1.309277 90.08212
-29.01578 1.164276 90.08212
-28.91486 1.019273 90.08212
-28.81393 0.8742712 90.08212
-28.71301 0.7292697 90.08212
-28.61209 0.5842674 90.08212
-28.51374 0.437555 90.08212
-28.41921 0.288306 90.08212
-28.32469 0.1390578 90.08212
-28.23016 -0.01019121 90.08212
-28.13563 -0.1594402 90.08212
-28.0411 -0.3086892 90.08212
-27.95407 -0.4618385 90.08212
-27.88599 -0.6248609 90.08212
-27.81791 -0.7878835 90.08212
-27.74983 -0.9509059 90.08212
-27.68175 -1.113928 90.08212
-27.61368 -1.276949 90.08212
-27.5456 -1.439972 90.08212
Stroke End
-34.99768 -35.48787 90.08211
-34.82306 -35.17908 90.08211
-34.64844 -34.8703 90.08211
-34.47382 -34.56151 90.08211
-34.29921 -34.25272 90.08211
-34.12868 -33.94175 90.08211
-33.96936 -33.6248 90.08211
-33.81003 -33.30785 90.08211
-33.65071 -32.9909 90.08211
-33.49139 -32.67395 90.08211
-33.33207 -32.357 90.08211
-33.17274 -32.04005 90.08211
-33.01342 -31.7231 90.08211
-32.85333 -31.40654 90.08211
-32.69242 -31.09039 90.08211
-32.53152 -30.77424 90.08211
-32.37062 -30.45809 90.08211
-32.20971 -30.14194 90.08211
-32.04881 -29.82578 90.08211
-31.88791 -29.50964 90.08211
-31.727 -29.19349 90.08211
-31.5661 -28.87733 90.08211
-31.40796 -28.55984 90.08211
-31.25849 -28.23813 90.08211
-31.10901 -27.91641 90.08211
-30.95953 -27.5947 90.08211
-30.81006 -27.27299 90.08211
-30.66058 -26.95128 90.08211
-30.5111 -26.62957 90.08211
-30.36163 -26.30786 90.08211
-30.21215 -25.98615 90.08211
-30.06268 -25.66444 90.08211
-29.9132 -25.34273 90.08211
-29.74516 -25.03055 90.08211
-29.57055 -24.72177 90.08211
-29.39593 -24.41298 90.08211
-29.22131 -24.10419 90.08211
-29.04669 -23.79541 90.08211
-28.87207 -23.48662 90.08211
-28.69745 -23.17783 90.08211
-28.52283 -22.86905 90.08211
-28.34821 -22.56026 90.08211
-28.17359 -22.25147 90.08211
-27.99897 -21.94269 90.08211
-27.82435 -21.6339 90.08211
-27.64918 -21.32543 90.08211
-27.47394 -21.01699 90.08211
-27.29871 -20.70855 90.08211
-27.12347 -20.40011 90.08211
-26.94824 -20.09168 90.08211
-26.773 -19.78324 90.08211
-26.59777 -19.4748 90.08211
-26.42253 -19.16636 90.08211
-26.2473 -18.85793 90.08211
-26.07206 -18.54949 90.08211
-25.89683 -18.24105 90.08211
-25.7216 -17.93261 90.08211
-25.54935 -17.62258 90.08211
-25.3913 -17.30499 90.08211
-25.23326 -16.9874 90.08211
-25.07521 -16.66982 90.08212
-24.91717 -16.35223 90.08212
-24.75912 -16.03464 90.08212
-24.59953 -15.71783 90.08212
-24.43782 -15.40209 90.08212
-24.27612 -15.08635 90.08212
-24.11441 -14.77061 90.08212
-23.9527 -14.45487 90.08212
-23.79099 -14.13913 90.08212
-23.62929 -13.82339 90.08212
-23.46758 -13.50764 90.08212
-23.30587 -13.19191 90.08212
-23.14417 -12.87616 90.08212
-22.98246 -12.56042 90.08212
-22.82075 -12.24468 90.08212
-22.65905 -11.92894 90.08212
-22.49734 -11.6132 90.08212
-22.33563 -11.29746 90.08212
-22.17381 -10.98178 90.08212
-22.01089 -10.66666 90.08212
-21.84797 -10.35155 90.08212
-21.68505 -10.03644 90.08212
-21.52191 -9.721431 90.08212
-21.35266 -9.40967 90.08212
-21.18341 -9.097907 90.08212
-21.01416 -8.786146 90.08212
-20.84491 -8.474383 90.08212
-20.67566 -8.162622 90.08212
-20.50641 -7.850861 90.08212
-20.33716 -7.539099 90.08212
-20.17302 -7.224642 90.08212
-20.01096 -6.909078 90.08212
-19.84891 -6.593515 90.08212
-19.68686 -6.277953 90.08212
-19.5248 -5.962387 90.08212
-19.36275 -5.646824 90.08212
-19.2007 -5.331262 90.08212
-19.03865 -5.015699 90.08212
-18.87659 -4.700137 90.08212
-18.71454 -4.384571 90.08212
Stroke End
-14.50317 3.237712 90.08212
-14.40402 2.945497 90.08212
-14.30487 2.653283 90.08212
-14.20572 2.361068 90.08212
-14.10658 2.068854 90.08212
-14.00743 1.776639 90.08212
-13.90828 1.484424 90.08212
-13.80913 1.19221 90.08212
-13.70998 0.8999951 90.08212
-13.61084 0.6077803 90.08212
-13.51169 0.3155658 90.08212
-13.43926 0.01561122 90.08212
-13.36689 -0.2843578 90.08212
-13.29451 -0.5843268 90.08212
-13.22213 -0.8842954 90.08212
-13.14976 -1.184265 90.08212
-13.07738 -1.484234 90.08212
-13.005 -1.784202 90.08212
-12.93262 -2.084172 90.08212
-12.86025 -2.38414 90.08212
-12.80028 -2.686793 90.08212
-12.74227 -2.989868 90.08212
-12.68426 -3.292943 90.08212
-12.62626 -3.596019 90.08212
-12.56825 -3.899095 90.08212
-12.51024 -4.202169 90.08212
-12.45223 -4.505246 90.08212
-12.39422 -4.808321 90.08212
-12.33621 -5.111396 90.08212
-12.2782 -5.414472 90.08212
-12.22019 -5.717546 90.08212
-12.16218 -6.020623 90.08212
-12.10417 -6.323698 90.08212
-12.04616 -6.626773 90.08212
-11.98815 -6.929849 90.08212
-11.93246 -7.23332 90.08212
-11.88645 -7.538448 90.08212
-11.84044 -7.843575 90.08212
-11.79443 -8.148702 90.08212
-11.74841 -8.45383 90.08212
-11.7024 -8.758957 90.08212
-11.67159 -9.0659 90.08212
-11.64446 -9.373281 90.08212
-11.61732 -9.680662 90.08212
-11.59019 -9.988045 90.08212
-11.56306 -10.29543 90.08212
-11.53592 -10.60281 90.08212
-11.50879 -10.91019 90.08212
-11.48166 -11.21757 90.08212
-11.45452 -11.52495 90.08212
-11.42739 -11.83233 90.08212
-11.40026 -12.13972 90.08212
-11.37312 -12.4471 90.08212
-11.34557 -12.75444 90.08212
-11.31776 -13.06176 90.08212
-11.28996 -13.36909 90.08212
-11.26215 -13.67641 90.08212
-11.23434 -13.98373 90.08212
-11.20654 -14.29105 90.08212
-11.17873 -14.59837 90.08211
-11.15092 -14.90569 90.08211
-11.12312 -15.21301 90.08211
-11.09531 -15.52034 90.08211
-11.0675 -15.82766 90.08211
-11.0397 -16.13498 90.08211
-11.01735 -16.44273 90.08211
-10.99696 -16.75063 90.08211
-10.97658 -17.05853 90.08211
-10.95619 -17.36644 90.08211
-10.93581 -17.67434 90.08211
-10.91542 -17.98224 90.08211
-10.89504 -18.29015 90.08211
-10.87465 -18.59805 90.08211
-10.85427 -18.90595 90.08211
-10.83388 -19.21386 90.08211
-10.8135 -19.52176 90.08211
-10.79311 -19.82966 90.08211
-10.7741 -20.13765 90.08211
-10.75612 -20.4457 90.08211
-10.73814 -20.75376 90.08211
-10.72016 -21.06181 90.08211
-10.70218 -21.36986 90.08211
-10.68419 -21.67791 90.08211
-10.66621 -21.98597 90.08211
-10.64823 -22.29402 90.08211
-10.63025 -22.60207 90.08211
-10.5973 -22.90828 90.08211
-10.54014 -23.21152 90.08211
-10.48298 -23.51476 90.08211
-10.42582 -23.81799 90.08211
-10.36866 -24.12123 90.08211
-10.3115 -24.42447 90.08211
-10.25434 -24.72771 90.08211
-10.19988 -25.03137 90.08211
-10.16032 -25.3374 90.08211
-10.12076 -25.64343 90.08211
-10.08121 -25.94946 90.08211
-10.04165 -26.25549 90.08211
-10.00685 -26.5621 90.08211
-9.972167 -26.86872 90.08211
Stroke End
-14.08998 4.059708 90.08212
-13.22845 4.161731 90.08212
-12.36693 4.263753 90.08212
-11.50466 4.358715 90.08212
-10.64083 4.438833 90.08212
-9.777264 4.521828 90.08212
-8.913699 4.604823 90.08212
-8.053285 4.715683 90.08212
-7.192983 4.827545 90.08212
-6.332682 4.939408 90.08212
-5.470021 5.030264 90.08212
-4.606345 5.112086 90.08212
-3.742668 5.193909 90.08212
-2.883747 5.307703 90.08212
-2.033643 5.480775 90.08212
-1.183538 5.653846 90.08212
-0.3334338 5.826917 90.08212
0.510192 6.028139 90.08212
1.350426 6.244097 90.08212
2.190661 6.460056 90.08212
3.030895 6.676014 90.08212
3.869411 6.89842 90.08212
4.705619 7.12947 90.08212
5.54183 7.360521 90.08212
6.378041 7.591572 90.08212
7.215683 7.816271 90.08212
8.070066 7.96681 90.08212
8.924448 8.117348 90.08212
9.778832 8.267886 90.08212
10.63321 8.418425 90.08212
11.4876 8.568963 90.08212
12.34198 8.719501 90.08212
13.20021 8.841301 90.08212
14.0641 8.920867 90.08212
14.92804 8.99977 90.08212
15.79247 9.073258 90.08212
16.65689 9.146747 90.08212
17.52132 9.220234 90.08212
18.38574 9.293723 90.08212
19.25056 9.3603 90.08212
20.11778 9.383677 90.08212
20.98501 9.407052 90.08212
21.85224 9.430429 90.08212
22.71945 9.442423 90.08212
23.58661 9.416522 90.08212
24.45377 9.390621 90.08212
25.32092 9.36472 90.08212
26.18835 9.357077 90.08212
27.0559 9.357078 90.08212
27.92344 9.357077 90.08212
28.79098 9.357075 90.08212
29.65853 9.357076 90.08212
30.52607 9.357078 90.08212
30.87293 8.636195 90.08212
30.97413 7.776847 90.08212
31.02024 6.910532 90.08212
31.031 6.043272 90.08212
31.031 5.17573 90.08212
31.01288 4.308608 90.08212
30.97267 3.441993 90.08212
30.93246 2.575383 90.08212
30.89225 1.708773 90.08212
30.84755 0.8424057 90.08212
30.79413 -0.02349399 90.08212
30.74071 -0.88939 90.08212
30.68729 -1.755286 90.08212
30.63388 -2.621186 90.08212
30.57648 -3.486823 90.08212
30.51738 -4.35235 90.08212
30.45827 -5.217876 90.08212
30.39916 -6.083406 90.08211
30.34006 -6.948933 90.08211
30.27687 -7.814089 90.08211
30.17937 -8.676139 90.08211
30.08187 -9.538182 90.08211
29.98437 -10.40023 90.08211
29.88688 -11.26228 90.08211
29.78938 -12.12433 90.08211
29.69188 -12.98638 90.08211
29.59438 -13.84843 90.08211
29.49688 -14.71047 90.08211
29.39938 -15.57252 90.08211
29.30188 -16.43457 90.08211
29.10119 -17.27812 90.08211
28.89335 -18.12041 90.08211
28.68551 -18.96268 90.08211
28.47767 -19.80496 90.08211
28.26983 -20.64724 90.08211
28.06199 -21.48952 90.08211
27.85415 -22.3318 90.08211
27.61058 -23.16422 90.08211
27.35685 -23.99382 90.08211
27.10311 -24.82343 90.08211
26.84937 -25.65304 90.08211
26.59564 -26.48265 90.0821
26.34191 -27.31226 90.0821
26.08817 -28.14187 90.0821
25.83444 -28.97147 90.0821
25.42664 -29.73647 90.0821
24.9971 -30.48906 90.0821
Stroke End
-11.44552 -12.6544 90.08212
-11.06369 -12.57527 90.08212
-10.68185 -12.49615 90.08212
-10.30002 -12.41703 90.08212
-9.918081 -12.3384 90.08212
-9.536055 -12.26021 90.08212
-9.154027 -12.18203 90.08212
-8.772 -12.10384 90.08212
-8.389974 -12.02565 90.08212
-8.007946 -11.94746 90.08212
-7.625499 -11.87136 90.08212
-7.242868 -11.79618 90.08212
-6.860238 -11.721 90.08212
-6.477607 -11.64582 90.08212
-6.094976 -11.57064 90.08212
-5.712346 -11.49546 90.08212
-5.329715 -11.42028 90.08212
-4.947084 -11.3451 90.08212
-4.564454 -11.26992 90.08212
-4.181823 -11.19474 90.08212
-3.802162 -11.1058 90.08212
-3.42257 -11.01653 90.08212
-3.042978 -10.92727 90.08212
-2.663385 -10.83801 90.08212
-2.283792 -10.74875 90.08212
-1.904199 -10.65949 90.08212
-1.524607 -10.57023 90.08212
-1.145014 -10.48096 90.08212
-0.7654219 -10.3917 90.08212
-0.3858288 -10.30244 90.08212
-0.00867098 -10.20356 90.08212
0.3676569 -10.10141 90.08212
0.7439838 -9.999251 90.08212
1.120311 -9.897096 90.08212
1.496639 -9.794939 90.08212
1.872966 -9.692782 90.08212
2.249294 -9.590627 90.08212
2.625621 -9.48847 90.08212
3.001948 -9.386313 90.08212
3.378275 -9.284158 90.08212
3.754603 -9.182001 90.08212
4.13093 -9.079844 90.08212
4.508814 -8.98445 90.08212
4.891944 -8.911861 90.08212
5.275074 -8.839272 90.08212
5.658206 -8.766682 90.08212
6.041336 -8.694093 90.08212
6.424466 -8.621503 90.08212
6.807596 -8.548913 90.08212
7.190726 -8.476324 90.08212
7.573858 -8.403734 90.08212
7.956988 -8.331144 90.08212
8.340117 -8.258555 90.08212
8.723248 -8.185966 90.08212
9.10638 -8.113376 90.08212
9.48951 -8.040787 90.08212
9.87264 -7.968197 90.08212
10.25571 -7.8953 90.08212
10.63839 -7.820348 90.08212
11.02106 -7.745397 90.08212
11.40374 -7.670445 90.08212
11.78641 -7.595494 90.08212
12.16909 -7.520542 90.08212
12.55176 -7.44559 90.08212
12.93444 -7.370638 90.08212
13.31711 -7.295687 90.08212
13.69979 -7.220735 90.08211
14.08247 -7.145783 90.08211
14.46514 -7.070831 90.08211
14.84782 -6.99588 90.08211
15.23049 -6.920928 90.08211
15.61317 -6.845976 90.08211
15.99584 -6.771025 90.08211
16.37852 -6.696073 90.08211
16.76128 -6.621614 90.08211
17.14528 -6.553711 90.08211
17.52926 -6.485807 90.08211
17.91325 -6.417904 90.08211
18.29724 -6.350001 90.08211
18.68123 -6.282097 90.08211
19.06532 -6.214793 90.08211
19.44946 -6.147759 90.08211
19.8336 -6.080725 90.08211
20.21775 -6.01369 90.08211
20.60386 -5.960349 90.08211
20.99129 -5.916051 90.08211
21.37871 -5.871754 90.08211
21.76613 -5.827456 90.08211
22.15355 -5.783159 90.08211
22.54097 -5.738862 90.08211
22.92864 -5.696779 90.08211
23.31663 -5.6578 90.08211
23.70462 -5.618821 90.08211
24.09262 -5.579843 90.08211
24.48061 -5.540864 90.08211
24.86926 -5.509426 90.08211
25.25815 -5.48077 90.08211
25.64704 -5.452113 90.08211
26.0365 -5.439019 90.08211
26.42646 -5.439019 90.08211
Stroke End
10.04065 33.56057 90.08212
9.964037 32.96779 90.08212
9.894556 32.37413 90.08212
9.825683 31.78041 90.08212
9.75681 31.18667 90.08212
9.687937 30.59294 90.08212
9.619063 29.99921 90.08212
9.550191 29.40548 90.08212
9.489695 28.81084 90.08212
9.429906 28.21613 90.08212
9.367074 27.62177 90.08212
9.287984 27.02931 90.08212
9.208894 26.43686 90.08212
9.129803 25.8444 90.08212
9.050713 25.25194 90.08212
8.971622 24.65948 90.08212
8.892531 24.06703 90.08212
8.813441 23.47457 90.08212
8.734351 22.88212 90.08212
8.655261 22.28966 90.08212
8.59307 21.69527 90.08212
8.536398 21.10025 90.08212
8.479726 20.50523 90.08212
8.428532 19.90972 90.08212
8.378401 19.31411 90.08212
8.32827 18.71851 90.08212
8.278139 18.1229 90.08212
8.228008 17.52729 90.08212
8.177877 16.93169 90.08212
8.130099 16.3359 90.08212
8.089632 15.73956 90.08212
8.049164 15.14322 90.08212
8.008697 14.54688 90.08212
7.968229 13.95054 90.08212
7.927761 13.3542 90.08212
7.890794 12.75771 90.08212
7.880191 12.16009 90.08212
7.869589 11.56247 90.08212
7.858986 10.96485 90.08212
7.848384 10.36723 90.08212
7.837781 9.769614 90.08212
7.827178 9.171996 90.08212
7.816576 8.574377 90.08212
7.809397 7.976729 90.08212
7.809397 7.379016 90.08212
7.809397 6.781304 90.08212
7.809397 6.183591 90.08212
7.809397 5.585879 90.08212
7.809397 4.988167 90.08212
7.809398 4.390454 90.08212
7.81076 3.792753 90.08212
7.820416 3.195118 90.08212
7.830072 2.597484 90.08212
7.839728 1.999849 90.08212
7.849384 1.402213 90.08212
7.85904 0.8045819 90.08212
7.868696 0.2069463 90.08212
7.878352 -0.390689 90.08212
7.888008 -0.9883243 90.08212
7.904635 -1.585774 90.08212
7.926253 -2.183096 90.08212
7.947872 -2.780419 90.08212
7.96949 -3.377741 90.08212
7.991108 -3.97506 90.08212
8.012726 -4.572382 90.08212
8.034344 -5.169704 90.08212
8.055962 -5.767023 90.08212
8.057313 -6.364712 90.08212
8.057313 -6.962426 90.08212
8.057313 -7.560139 90.08212
8.057312 -8.157849 90.08211
8.057312 -8.755563 90.08211
8.057312 -9.353276 90.08211
8.054557 -9.95096 90.08211
8.041683 -10.54853 90.08211
8.028811 -11.14611 90.08211
8.015937 -11.74368 90.08211
8.003064 -12.34126 90.08211
7.990191 -12.93883 90.08211
7.977318 -13.5364 90.08211
7.974675 -14.13409 90.08211
7.974674 -14.7318 90.08211
7.974674 -15.32951 90.08211
7.974673 -15.92722 90.08211
7.974673 -16.52494 90.08211
7.958604 -17.12216 90.08211
7.922616 -17.71879 90.08211
7.892037 -18.31558 90.08211
7.892037 -18.9133 90.08211
7.892036 -19.51101 90.08211
7.892036 -20.10872 90.08211
7.892036 -20.70643 90.08211
7.892036 -21.30415 90.08211
7.892036 -21.90186 90.08211
7.848661 -22.49779 90.08211
7.80375 -23.09376 90.08211
7.77532 -23.69079 90.08211
7.746891 -24.28783 90.08211
7.726762 -24.88506 90.08211
7.726763 -25.48277 90.08211
Stroke End
-12.10664 -27.26782 90.08211
-11.68956 -27.32545 90.08211
-11.2732 -27.38774 90.08211
-10.85783 -27.4566 90.08211
-10.44246 -27.52545 90.08211
-10.0271 -27.59431 90.08211
-9.609829 -27.6476 90.08211
-9.1901 -27.68074 90.08211
-8.77037 -27.71387 90.08211
-8.350639 -27.74701 90.08211
-7.930909 -27.78015 90.08211
-7.511179 -27.81328 90.08211
-7.090378 -27.80561 90.08211
-6.669488 -27.79453 90.08211
-6.248598 -27.78346 90.08211
-5.827708 -27.77238 90.08211
-5.406817 -27.7613 90.08211
-4.985928 -27.75023 90.08211
-4.565037 -27.73915 90.08211
-4.144147 -27.72807 90.08211
-3.724652 -27.69536 90.08211
-3.305824 -27.6523 90.08211
-2.886995 -27.60924 90.08211
-2.468166 -27.56618 90.08211
-2.049338 -27.52313 90.08211
-1.630509 -27.48007 90.08211
-1.211681 -27.43701 90.08211
-0.7928526 -27.39395 90.08211
-0.3740206 -27.35093 90.08211
0.04482861 -27.30807 90.08211
0.4636769 -27.26521 90.08211
0.8825252 -27.22235 90.08211
1.301373 -27.17948 90.08211
1.720222 -27.13662 90.08211
2.13907 -27.09376 90.08211
2.557918 -27.05089 90.08211
2.976768 -27.00803 90.08211
3.395616 -26.96517 90.08211
3.814464 -26.9223 90.08211
4.232949 -26.87613 90.08211
4.651121 -26.82711 90.08211
5.069293 -26.77809 90.08211
5.487466 -26.72907 90.08211
5.905639 -26.68005 90.08211
6.323811 -26.63103 90.08211
6.741985 -26.58201 90.08211
7.160158 -26.533 90.08211
7.578331 -26.48398 90.08211
7.996503 -26.43496 90.08211
8.414676 -26.38594 90.08211
8.832848 -26.33692 90.08211
9.25102 -26.2879 90.08211
9.669964 -26.24675 90.08211
10.08969 -26.21361 90.08211
10.50942 -26.18048 90.08211
10.92915 -26.14734 90.08211
11.34888 -26.11421 90.08211
11.76861 -26.08108 90.08211
12.18847 -26.04959 90.08211
12.60833 -26.01813 90.08211
13.02819 -25.98667 90.08211
13.44805 -25.95521 90.08211
13.86791 -25.92375 90.08211
14.28777 -25.89229 90.08211
14.70762 -25.86083 90.08211
15.12748 -25.82937 90.08211
15.54734 -25.79791 90.08211
15.9672 -25.76645 90.08211
16.38706 -25.73499 90.08211
16.80728 -25.72007 90.08211
17.2281 -25.73335 90.08211
17.64893 -25.74664 90.08211
18.06976 -25.75993 90.08211
18.49058 -25.77322 90.08211
18.91141 -25.78651 90.08211
19.33224 -25.7998 90.08211
19.75306 -25.81309 90.08211
20.17389 -25.82638 90.08211
20.59471 -25.83966 90.08211
21.01554 -25.85295 90.08211
21.43637 -25.86624 90.08211
21.85719 -25.87953 90.08211
22.27802 -25.89282 90.08211
22.69853 -25.91306 90.08211
23.11886 -25.93751 90.08211
23.53918 -25.96196 90.08211
23.95951 -25.98641 90.08211
24.37672 -26.04192 90.08211
24.79354 -26.10136 90.08211
25.21036 -26.1608 90.08211
25.62718 -26.22024 90.0821
26.044 -26.27968 90.0821
26.46082 -26.33912 90.0821
26.87499 -26.41426 90.0821
27.28824 -26.49486 90.0821
27.70148 -26.57546 90.0821
28.11324 -26.66285 90.0821
28.52213 -26.76326 90.0821
28.90989 -26.91769 90.0821
29.31128 -26.99383 90.0821
Stroke End
