8
wood
120
-38.79908 9.174402 90.08212
-38.47483 9.126622 90.08212
-38.15058 9.078842 90.08212
-37.82633 9.031061 90.08212
-37.50167 8.996567 90.08212
-37.17505 9.02381 90.08212
-36.84843 9.051054 90.08212
-36.52182 9.078298 90.08212
-36.1952 9.105542 90.08212
-35.86859 9.132786 90.08212
-35.54197 9.160029 90.08212
-35.21535 9.187273 90.08212
-34.88874 9.214517 90.08212
-34.56212 9.241761 90.08212
-34.2355 9.269005 90.08212
-33.90889 9.296248 90.08212
-33.58228 9.323492 90.08212
-33.25566 9.350737 90.08212
-32.93233 9.402631 90.08212
-32.61 9.462005 90.08212
-32.28768 9.521379 90.08212
-31.96535 9.580752 90.08212
-31.64302 9.640127 90.08212
-31.3207 9.699501 90.08212
-31.0018 9.774163 90.08212
-30.68507 9.858436 90.08212
-30.36834 9.942708 90.08212
-30.05161 10.02698 90.08212
-29.73488 10.11125 90.08212
-29.41815 10.19552 90.08212
-29.10142 10.2798 90.08212
-28.78469 10.36407 90.08212
-28.46796 10.44834 90.08212
-28.15123 10.53261 90.08212
-27.8345 10.61689 90.08212
-27.51777 10.70116 90.08212
-27.20103 10.78543 90.08212
-26.8843 10.8697 90.08212
-26.56533 10.94446 90.08212
-26.24432 11.01061 90.08212
-25.92332 11.07675 90.08212
-25.60231 11.1429 90.08212
-25.28131 11.20904 90.08212
-24.9603 11.27519 90.08212
-24.63929 11.34134 90.08212
-24.31829 11.40748 90.08212
-23.99728 11.47363 90.08212
-23.67627 11.53977 90.08212
-23.35527 11.60592 90.08212
-23.03426 11.67206 90.08212
-22.71325 11.73821 90.08212
-22.39225 11.80435 90.08212
-22.07124 11.8705 90.08212
-21.75036 11.93722 90.08212
-21.42971 12.00508 90.08212
-21.10906 12.07294 90.08212
-20.78841 12.1408 90.08212
-20.46776 12.20866 90.08212
-20.14712 12.27652 90.08212
-19.82647 12.34438 90.08212
-19.50582 12.41224 90.08212
-19.18517 12.4801 90.08212
-18.86452 12.54796 90.08212
-18.54387 12.61582 90.08212
-18.22323 12.68368 90.08212
-17.90471 12.7594 90.08212
-17.59361 12.86255 90.08212
-17.28251 12.9657 90.08212
-16.97142 13.06885 90.08212
-16.66032 13.172 90.08212
-16.34923 13.27515 90.08212
-16.03813 13.3783 90.08212
-15.72704 13.48145 90.08212
-15.41594 13.5846 90.08212
-15.10485 13.68775 90.08212
-14.79375 13.7909 90.08212
-14.48547 13.90197 90.08212
-14.17909 14.01837 90.08212
-13.8727 14.13477 90.08212
-13.56632 14.25117 90.08212
-13.25994 14.36757 90.08212
-12.95355 14.48397 90.08212
-12.64717 14.60037 90.08212
-12.34078 14.71677 90.08212
-12.0344 14.83317 90.08212
-11.74349 14.98397 90.08212
-11.45312 15.13598 90.08212
-11.16276 15.28799 90.08212
-10.87239 15.44 90.08212
-10.58202 15.59201 90.08212
-10.29653 15.75274 90.08212
-10.01488 15.92035 90.08212
-9.73323 16.08797 90.08212
-9.45158 16.25558 90.08212
-9.186619 16.44771 90.08212
-8.92739 16.64826 90.08212
-8.668162 16.84882 90.08212
-8.423877 17.06638 90.08212
-8.191506 17.29752 90.08212
-7.959135 17.52866 90.08212
Stroke End
-23.18028 37.76191 90.08213
-23.04447 37.04893 90.08213
-22.90866 36.33596 90.08213
-22.78218 35.62133 90.08213
-22.66286 34.90541 90.08213
-22.54353 34.1895 90.08213
-22.42421 33.47358 90.08213
-22.30489 32.75767 90.08213
-22.23095 32.03622 90.08213
-22.17483 31.3126 90.08213
-22.11871 30.58899 90.08213
-22.06259 29.86537 90.08213
-22.00648 29.14175 90.08212
-21.95036 28.41813 90.08212
-21.89424 27.69452 90.08212
-21.83812 26.9709 90.08212
-21.782 26.24728 90.08212
-21.75473 25.52208 90.08212
-21.73129 24.79667 90.08212
-21.70784 24.07126 90.08212
-21.69278 23.34571 90.08212
-21.69278 22.61992 90.08212
-21.69278 21.89413 90.08212
-21.69278 21.16834 90.08212
-21.69278 20.44255 90.08212
-21.69278 19.71676 90.08212
-21.69278 18.99097 90.08212
-21.69278 18.26518 90.08212
-21.70454 17.53956 90.08212
-21.72572 16.81408 90.08212
-21.74689 16.0886 90.08212
-21.76806 15.36312 90.08212
-21.78924 14.63763 90.08212
-21.81041 13.91215 90.08212
-21.83158 13.18667 90.08212
-21.85276 12.46119 90.08212
-21.87275 11.73567 90.08212
-21.89235 11.01015 90.08212
-21.91194 10.28462 90.08212
-21.93154 9.559097 90.08212
-21.95114 8.83357 90.08212
-21.97073 8.108045 90.08212
-21.99033 7.38252 90.08212
-22.00992 6.656994 90.08212
-22.02952 5.931468 90.08212
-22.04911 5.205941 90.08212
-22.06871 4.480418 90.08212
-22.0883 3.754891 90.08212
-22.1079 3.029367 90.08212
-22.1275 2.30384 90.08212
-22.14709 1.578313 90.08212
-22.16669 0.8527897 90.08212
-22.18628 0.1272624 90.08212
-22.21339 -0.5980139 90.08212
-22.24151 -1.323261 90.08212
-22.26964 -2.048507 90.08212
-22.29776 -2.773751 90.08212
-22.32588 -3.498997 90.08212
-22.354 -4.22424 90.08212
-22.38213 -4.949487 90.08212
-22.41025 -5.674734 90.08212
-22.43855 -6.39997 90.08212
-22.4693 -7.12511 90.08212
-22.50006 -7.850246 90.08212
-22.53081 -8.575386 90.08212
-22.56157 -9.300526 90.08212
-22.59232 -10.02566 90.08212
-22.62308 -10.7508 90.08212
-22.65383 -11.47594 90.08212
-22.68454 -12.20108 90.08212
-22.70443 -12.9266 90.08212
-22.72432 -13.65211 90.08212
-22.74421 -14.37763 90.08212
-22.7641 -15.10315 90.08212
-22.784 -15.82867 90.08211
-22.80389 -16.55419 90.08211
-22.82378 -17.2797 90.08211
-22.84367 -18.00522 90.08211
-22.86633 -18.73065 90.08211
-22.8902 -19.45605 90.08211
-22.91407 -20.18145 90.08211
-22.93794 -20.90685 90.08211
-22.96181 -21.63225 90.08211
-22.98568 -22.35764 90.08211
-23.00954 -23.08304 90.08211
-23.0487 -23.80773 90.08211
-23.0924 -24.5322 90.08211
-23.1361 -25.25668 90.08211
-23.1798 -25.98115 90.08211
-23.2235 -26.70562 90.08211
-23.26649 -27.43014 90.08211
-23.30293 -28.15501 90.08211
-23.33937 -28.87988 90.08211
-23.38535 -29.6042 90.08211
-23.4333 -30.32841 90.08211
-23.48124 -31.05262 90.08211
-23.52918 -31.77681 90.08211
-23.57713 -32.50102 90.08211
-23.65943 -33.2217 90.08211
-23.75876 -33.94061 90.08211
Stroke End
-21.44486 8.169721 90.08212
-21.58895 7.794367 90.08212
-21.73303 7.419014 90.08212
-21.87711 7.04366 90.08212
-22.02119 6.668307 90.08212
-22.16527 6.292953 90.08212
-22.30936 5.9176 90.08212
-22.45344 5.542246 90.08212
-22.59752 5.166893 90.08212
-22.74817 4.79413 90.08212
-22.89903 4.421446 90.08212
-23.04988 4.048762 90.08212
-23.20073 3.676079 90.08212
-23.35159 3.303395 90.08212
-23.50244 2.930711 90.08212
-23.65329 2.558027 90.08212
-23.80415 2.185344 90.08212
-23.955 1.81266 90.08212
-24.13279 1.452691 90.08212
-24.32462 1.099346 90.08212
-24.51644 0.7460009 90.08212
-24.70827 0.3926554 90.08212
-24.90009 0.03931061 90.08212
-25.09192 -0.314035 90.08212
-25.28375 -0.6673798 90.08212
-25.47557 -1.020725 90.08212
-25.6674 -1.37407 90.08212
-25.85922 -1.727416 90.08212
-26.05105 -2.08076 90.08212
-26.24355 -2.433709 90.08212
-26.46136 -2.771655 90.08212
-26.67917 -3.109602 90.08212
-26.89698 -3.447548 90.08212
-27.11479 -3.785495 90.08212
-27.33261 -4.123442 90.08212
-27.55042 -4.461388 90.08212
-27.76823 -4.799335 90.08212
-27.98604 -5.13728 90.08212
-28.20385 -5.475228 90.08212
-28.42167 -5.813174 90.08212
-28.63948 -6.15112 90.08212
-28.85729 -6.489067 90.08212
-29.0751 -6.827014 90.08212
-29.29291 -7.164961 90.08212
-29.51073 -7.502906 90.08212
-29.72854 -7.840853 90.08212
-29.94635 -8.178801 90.08212
-30.16416 -8.516747 90.08212
-30.38197 -8.854692 90.08212
-30.61148 -9.184054 90.08212
-30.8687 -9.493062 90.08212
-31.12593 -9.802069 90.08212
-31.38315 -10.11108 90.08212
-31.64038 -10.42008 90.08212
-31.8976 -10.72909 90.08212
-32.15482 -11.0381 90.08212
-32.41205 -11.34711 90.08212
-32.65977 -11.66375 90.08212
-32.90653 -11.98118 90.08212
-33.15329 -12.29861 90.08212
-33.40005 -12.61604 90.08212
-33.6468 -12.93347 90.08212
-33.89356 -13.2509 90.08212
-34.14032 -13.56832 90.08212
-34.38708 -13.88575 90.08212
-34.63383 -14.20318 90.08212
-34.88059 -14.52061 90.08212
-35.12735 -14.83804 90.08212
-35.37411 -15.15546 90.08212
-35.62086 -15.47289 90.08212
-35.86762 -15.79032 90.08212
-36.11438 -16.10775 90.08212
-36.36114 -16.42518 90.08212
-36.60789 -16.74261 90.08212
-36.85465 -17.06003 90.08212
-37.10141 -17.37746 90.08212
-37.34817 -17.69489 90.08212
-37.60244 -18.00617 90.08212
-37.86489 -18.31074 90.08212
-38.12735 -18.61532 90.08212
-38.38981 -18.91989 90.08212
-38.65226 -19.22447 90.08212
-38.91472 -19.52905 90.08212
-39.17913 -19.83188 90.08212
-39.45236 -20.12683 90.08212
-39.72559 -20.42178 90.08212
-39.99881 -20.71674 90.08212
-40.27204 -21.01168 90.08212
-40.54527 -21.30664 90.08212
-40.8185 -21.60159 90.08212
-41.09172 -21.89654 90.08211
-41.36495 -22.19149 90.08211
-41.63818 -22.48645 90.08211
-41.91141 -22.7814 90.08211
-42.18464 -23.07635 90.08211
-42.45786 -23.3713 90.08211
-42.71787 -23.67591 90.08211
-42.91578 -24.02589 90.08211
-43.11369 -24.37586 90.08211
-43.3116 -24.72583 90.08211
Stroke End
-20.78375 2.415699 90.08212
-20.7214 2.243437 90.08212
-20.65906 2.071175 90.08212
-20.59383 1.900035 90.08212
-20.52324 1.730986 90.08212
-20.45264 1.561937 90.08212
-20.38205 1.392888 90.08212
-20.31145 1.223839 90.08212
-20.24086 1.05479 90.08212
-20.17026 0.8857411 90.08212
-20.0942 0.7193101 90.08212
-20.00679 0.5583081 90.08212
-19.91939 0.3973058 90.08212
-19.83199 0.2363037 90.08212
-19.74458 0.07530168 90.08212
-19.65718 -0.08570061 90.08212
-19.56977 -0.2467026 90.08212
-19.48237 -0.4077047 90.08212
-19.39496 -0.568707 90.08212
-19.29349 -0.7210274 90.08212
-19.18883 -0.8713897 90.08212
-19.08418 -1.021752 90.08212
-18.97953 -1.172114 90.08212
-18.87487 -1.322477 90.08212
-18.77022 -1.47284 90.08212
-18.66557 -1.623202 90.08212
-18.56091 -1.773564 90.08212
-18.44451 -1.914956 90.08212
-18.32707 -2.055563 90.08212
-18.20964 -2.196171 90.08212
-18.0922 -2.336778 90.08212
-17.97477 -2.477385 90.08212
-17.85733 -2.617991 90.08212
-17.7399 -2.758598 90.08212
-17.62247 -2.899205 90.08212
-17.50243 -3.037549 90.08212
-17.37952 -3.173394 90.08212
-17.2566 -3.309238 90.08212
-17.13369 -3.445082 90.08212
-17.01078 -3.580927 90.08212
-16.88787 -3.716771 90.08212
-16.76495 -3.852615 90.08212
-16.64204 -3.98846 90.08212
-16.51913 -4.124304 90.08212
-16.38881 -4.252907 90.08212
-16.25581 -4.378896 90.08212
-16.12281 -4.504884 90.08212
-15.98982 -4.630872 90.08212
-15.85488 -4.754725 90.08212
-15.71684 -4.87517 90.08212
-15.5788 -4.995614 90.08212
-15.44077 -5.116058 90.08212
-15.30273 -5.236502 90.08212
-15.16469 -5.356946 90.08212
-15.02665 -5.477391 90.08212
-14.88862 -5.597835 90.08212
-14.75058 -5.718279 90.08212
-14.61254 -5.838723 90.08212
-14.4745 -5.959168 90.08212
-14.33635 -6.079469 90.08212
-14.18734 -6.186034 90.08212
-14.03833 -6.292599 90.08212
-13.88931 -6.399164 90.08212
-13.7403 -6.505728 90.08212
-13.59128 -6.612293 90.08212
-13.44227 -6.718858 90.08212
-13.29326 -6.825423 90.08212
-13.14424 -6.931988 90.08212
-12.99523 -7.038553 90.08212
-12.84711 -7.146344 90.08212
-12.69962 -7.255012 90.08212
-12.55213 -7.363681 90.08212
-12.40464 -7.47235 90.08212
-12.25716 -7.581018 90.08212
-12.10967 -7.689687 90.08212
-11.96219 -7.798356 90.08212
-11.8147 -7.907024 90.08212
-11.66493 -8.012126 90.08212
-11.50458 -8.100733 90.08212
-11.34424 -8.189341 90.08212
-11.1839 -8.277947 90.08212
-11.02355 -8.366555 90.08212
-10.86321 -8.455162 90.08212
-10.70287 -8.54377 90.08212
-10.54252 -8.632378 90.08212
-10.37424 -8.704681 90.08212
-10.20564 -8.776349 90.08212
-10.03704 -8.848016 90.08212
-9.868447 -8.919683 90.08212
-9.699851 -8.99135 90.08212
-9.531252 -9.063018 90.08212
-9.35536 -9.109243 90.08212
-9.174404 -9.137814 90.08212
-8.993448 -9.166384 90.08212
-8.812493 -9.194954 90.08212
-8.631537 -9.223525 90.08212
-8.450583 -9.252095 90.08212
-8.269627 -9.280665 90.08212
-8.088672 -9.309236 90.08212
-7.907716 -9.337806 90.08212
Stroke End
-1.85938 17.30312 90.08212
-1.907125 17.13074 90.08212
-1.95487 16.95837 90.08212
-2.002615 16.78599 90.08212
-2.05036 16.61362 90.08212
-2.098104 16.44124 90.08212
-2.145849 16.26887 90.08212
-2.193594 16.09649 90.08212
-2.241339 15.92411 90.08212
-2.289084 15.75174 90.08212
-2.336829 15.57936 90.08212
-2.384574 15.40699 90.08212
-2.432319 15.23461 90.08212
-2.480064 15.06223 90.08212
-2.527809 14.88986 90.08212
-2.575553 14.71748 90.08212
-2.623298 14.54511 90.08212
-2.671043 14.37273 90.08212
-2.718788 14.20035 90.08212
-2.766533 14.02798 90.08212
-2.814278 13.8556 90.08212
-2.862023 13.68323 90.08212
-2.909768 13.51085 90.08212
-2.957513 13.33847 90.08212
-3.005258 13.1661 90.08212
-3.053002 12.99372 90.08212
-3.100781 12.82136 90.08212
-3.149449 12.64924 90.08212
-3.198116 12.47712 90.08212
-3.246783 12.305 90.08212
-3.29545 12.13288 90.08212
-3.344117 11.96077 90.08212
-3.392784 11.78865 90.08212
-3.441451 11.61653 90.08212
-3.490118 11.44441 90.08212
-3.545918 11.27461 90.08212
-3.607628 11.10673 90.08212
-3.669337 10.93884 90.08212
-3.731046 10.77096 90.08212
-3.792756 10.60307 90.08212
-3.854465 10.43519 90.08212
-3.916174 10.26731 90.08212
-3.977884 10.09942 90.08212
-4.039593 9.931539 90.08212
-4.101302 9.763655 90.08212
-4.163012 9.595771 90.08212
-4.224721 9.427886 90.08212
-4.28643 9.260003 90.08212
-4.34814 9.092119 90.08212
-4.409849 8.924234 90.08212
-4.471558 8.756351 90.08212
-4.533267 8.588467 90.08212
-4.597269 8.42156 90.08212
-4.67561 8.260763 90.08212
-4.753951 8.099965 90.08212
-4.832291 7.939168 90.08212
-4.910632 7.778371 90.08212
-4.988973 7.617573 90.08212
-5.067314 7.456776 90.08212
-5.145655 7.295979 90.08212
-5.223996 7.135181 90.08212
-5.302336 6.974384 90.08212
-5.380677 6.813587 90.08212
-5.459018 6.65279 90.08212
-5.537359 6.491992 90.08212
-5.6157 6.331195 90.08212
-5.69404 6.170398 90.08212
-5.772381 6.009601 90.08212
-5.850722 5.848804 90.08212
-5.929063 5.688006 90.08212
-6.007404 5.527208 90.08212
-6.085744 5.366412 90.08212
-6.164085 5.205614 90.08212
-6.242426 5.044816 90.08212
-6.320767 4.88402 90.08212
-6.400437 4.723876 90.08212
-6.480126 4.563743 90.08212
-6.559815 4.40361 90.08212
-6.639504 4.243476 90.08212
-6.719193 4.083344 90.08212
-6.798882 3.92321 90.08212
-6.878572 3.763076 90.08212
-6.958261 3.602943 90.08212
-7.03795 3.442809 90.08212
-7.117639 3.282676 90.08212
-7.197328 3.122543 90.08212
-7.27739 2.962595 90.08212
-7.357722 2.802784 90.08212
-7.438056 2.642972 90.08212
-7.518389 2.483161 90.08212
-7.598722 2.32335 90.08212
-7.674593 2.16147 90.08212
-7.744665 1.9969 90.08212
-7.814736 1.832331 90.08212
-7.884807 1.667762 90.08212
-7.954879 1.503192 90.08212
-8.02495 1.338623 90.08212
-8.095021 1.174054 90.08212
-8.165093 1.009484 90.08212
-8.235165 0.8449148 90.08212
Stroke End
-3.346886 11.64043 90.08212
-2.809403 11.64043 90.08212
-2.272271 11.64806 90.08212
-1.737052 11.69736 90.08212
-1.201834 11.74665 90.08212
-0.6666157 11.79594 90.08212
-0.1333345 11.86074 90.08212
0.397572 11.94457 90.08212
0.9284784 12.02839 90.08212
1.459385 12.11222 90.08212
1.990291 12.19604 90.08212
2.521198 12.27986 90.08212
3.052105 12.36369 90.08212
3.583011 12.44751 90.08212
4.106572 12.56782 90.08212
4.628543 12.69601 90.08212
5.150514 12.82421 90.08212
5.672485 12.95241 90.08212
6.194457 13.0806 90.08212
6.716427 13.2088 90.08212
7.238399 13.337 90.08212
7.76037 13.46519 90.08212
8.283369 13.5889 90.08212
8.809109 13.70064 90.08212
9.334849 13.81238 90.08212
9.860588 13.92412 90.08212
10.38633 14.03586 90.08212
10.91207 14.14761 90.08212
11.43781 14.25935 90.08212
11.96355 14.37109 90.08212
12.48945 14.48203 90.08212
13.01685 14.58565 90.08212
13.54425 14.68928 90.08212
14.07165 14.79291 90.08212
14.59905 14.89653 90.08212
15.12644 15.00016 90.08212
15.65384 15.10379 90.08212
16.18139 15.20663 90.08212
16.71173 15.29393 90.08212
17.24208 15.38122 90.08212
17.77242 15.46852 90.08212
18.30277 15.55581 90.08212
18.83312 15.64311 90.08212
19.36346 15.73041 90.08212
19.89381 15.8177 90.08212
20.42719 15.88252 90.08212
20.96172 15.93879 90.08212
21.49625 15.99506 90.08212
22.03078 16.05133 90.08212
22.56531 16.10759 90.08212
23.09984 16.16386 90.08212
23.6345 16.21884 90.08212
24.16959 16.26953 90.08212
24.70467 16.32022 90.08212
25.23976 16.37091 90.08212
25.77485 16.4216 90.08212
26.30994 16.47229 90.08212
26.84432 16.52987 90.08212
27.37855 16.5889 90.08212
27.91278 16.64794 90.08212
28.44939 16.66376 90.08212
28.98688 16.66376 90.08212
29.52436 16.66376 90.08212
29.97535 16.51056 90.08212
30.01343 15.98358 90.08212
29.96936 15.4479 90.08212
29.79129 14.94851 90.08212
29.5591 14.46377 90.08212
29.3269 13.97903 90.08212
29.05246 13.51942 90.08212
28.73731 13.08402 90.08212
28.42216 12.64863 90.08212
28.107 12.21324 90.08212
27.79185 11.77785 90.08212
27.4822 11.33866 90.08212
27.18785 10.88895 90.08212
26.89349 10.43923 90.08212
26.59914 9.989515 90.08212
26.30478 9.539801 90.08212
26.01043 9.090086 90.08212
25.71608 8.640371 90.08212
25.42172 8.190656 90.08212
25.12737 7.740941 90.08212
24.83301 7.291226 90.08212
24.53514 6.84384 90.08212
24.2359 6.397362 90.08212
23.93666 5.950883 90.08212
23.63741 5.504405 90.08212
23.33817 5.057927 90.08212
23.03451 4.614581 90.08212
22.71272 4.184067 90.08212
22.39094 3.753553 90.08212
22.06915 3.323039 90.08212
21.74737 2.892525 90.08212
21.42081 2.465711 90.08212
21.08396 2.04688 90.08212
20.73869 1.635227 90.08212
20.37807 1.236673 90.08212
20.01746 0.838119 90.08212
19.65685 0.4395646 90.08212
Stroke End
13.42886 34.10857 90.08212
13.42886 33.34275 90.08212
13.42886 32.57694 90.08212
13.42886 31.81112 90.08212
13.42886 31.04531 90.08212
13.42886 30.2795 90.08212
13.37437 29.51676 90.08212
13.2883 28.75579 90.08212
13.20224 27.99483 90.08212
13.11617 27.23387 90.08212
12.96443 26.48401 90.08212
12.79547 25.73707 90.08212
12.62651 24.99013 90.08212
12.45755 24.24319 90.08212
12.25849 23.50473 90.08212
12.01243 22.77952 90.08212
11.76637 22.05432 90.08212
11.53214 21.32538 90.08212
11.31828 20.59004 90.08212
11.10442 19.85469 90.08212
10.89056 19.11934 90.08212
10.67555 18.38433 90.08212
10.46041 17.64936 90.08212
10.24526 16.91439 90.08212
10.03011 16.17942 90.08212
9.838588 15.43814 90.08212
9.658967 14.69369 90.08212
9.479346 13.94924 90.08212
9.299726 13.20479 90.08212
9.162679 12.45136 90.08212
9.026312 11.69778 90.08212
8.889945 10.94421 90.08212
8.753578 10.19063 90.08212
8.603308 9.439755 90.08212
8.448211 8.689812 90.08212
8.293113 7.939867 90.08212
8.138015 7.189924 90.08212
7.978356 6.440953 90.08212
7.813751 5.693039 90.08212
7.649146 4.945125 90.08212
7.48454 4.197211 90.08212
7.319935 3.449297 90.08212
7.143812 2.704017 90.08212
6.967224 1.958839 90.08212
6.790637 1.213665 90.08212
6.61405 0.468487 90.08212
6.437463 -0.2766872 90.08212
6.216446 -1.009584 90.08212
5.985244 -1.739661 90.08212
5.754042 -2.469743 90.08212
5.52284 -3.19982 90.08212
5.291637 -3.929902 90.08212
5.016304 -4.644143 90.08212
4.730579 -5.354661 90.08212
4.444857 -6.065175 90.08212
4.159133 -6.775692 90.08212
3.863739 -7.481883 90.08212
3.524817 -8.168618 90.08212
3.185896 -8.85535 90.08212
2.846973 -9.542085 90.08211
2.508053 -10.22882 90.08211
2.216609 -10.93651 90.08211
1.937572 -11.64968 90.08211
1.658532 -12.36285 90.08211
1.379494 -13.07601 90.08211
1.098875 -13.78852 90.08211
0.7907599 -14.48962 90.08211
0.4826458 -15.19071 90.08211
0.1745303 -15.89181 90.08211
-0.1335837 -16.59291 90.08211
-0.4521626 -17.28922 90.08211
-0.7814225 -17.98063 90.08211
-1.110684 -18.67205 90.08211
-1.516058 -19.32169 90.08211
-1.922595 -19.97069 90.08211
-2.329129 -20.61968 90.08211
-2.735666 -21.26869 90.08211
-3.142201 -21.91768 90.08211
-3.554887 -22.56275 90.08211
-3.973807 -23.20382 90.08211
-4.392729 -23.8449 90.08211
-4.811649 -24.48597 90.08211
-5.230571 -25.12704 90.08211
-5.643911 -25.77167 90.08211
-6.047651 -26.42241 90.08211
-6.451393 -27.07315 90.08211
-6.855134 -27.72389 90.08211
-7.258876 -28.37464 90.08211
-7.684309 -29.01076 90.08211
-8.135715 -29.62939 90.08211
-8.58712 -30.24802 90.08211
-9.038526 -30.86666 90.08211
-9.489926 -31.48528 90.08211
-9.972146 -32.08003 90.08211
-10.45863 -32.67147 90.08211
-10.94512 -33.26292 90.08211
-11.41937 -33.86399 90.08211
-11.88042 -34.47546 90.0821
-12.34148 -35.08693 90.0821
-12.80253 -35.6984 90.0821
Stroke End
15.99067 -5.804354 90.08212
15.91219 -6.454947 90.08212
15.8337 -7.105541 90.08211
15.70988 -7.748855 90.08211
15.53068 -8.377851 90.08211
15.32012 -8.998415 90.08211
15.1175 -9.621455 90.08211
14.93746 -10.25155 90.08211
14.75742 -10.88165 90.08211
14.55565 -11.50471 90.08211
14.33264 -12.12091 90.08211
14.10962 -12.7371 90.08211
13.88661 -13.3533 90.08211
13.66359 -13.96949 90.08211
13.44058 -14.58569 90.08211
13.21757 -15.20188 90.08211
12.99455 -15.81808 90.08211
12.80567 -16.44375 90.08211
12.6792 -17.08674 90.08211
12.55273 -17.72973 90.08211
12.42907 -18.3732 90.08211
12.33518 -19.02176 90.08211
12.24129 -19.6703 90.08211
12.1474 -20.31885 90.08211
12.07624 -20.96998 90.08211
12.02399 -21.62315 90.08211
12.02399 -22.27846 90.08211
12.02399 -22.93377 90.08211
12.02399 -23.58908 90.08211
12.02399 -24.24439 90.08211
12.1665 -24.88379 90.08211
12.31876 -25.52115 90.08211
12.47247 -26.15818 90.08211
12.6333 -26.79343 90.08211
12.8595 -27.40685 90.08211
13.11441 -28.01055 90.08211
13.43017 -28.57863 90.08211
13.83862 -29.09071 90.0821
14.31879 -29.53107 90.0821
14.85299 -29.91062 90.0821
15.41101 -30.24232 90.0821
16.03591 -30.43965 90.0821
16.6608 -30.63698 90.0821
17.2857 -30.8343 90.0821
17.91059 -31.03163 90.0821
18.53549 -31.22895 90.0821
19.17099 -31.3867 90.0821
19.81085 -31.52814 90.0821
20.45924 -31.61891 90.0821
21.11016 -31.69464 90.0821
21.76109 -31.77036 90.0821
22.41201 -31.84609 90.0821
23.06293 -31.92182 90.0821
23.718 -31.92585 90.0821
24.37331 -31.92585 90.0821
25.02863 -31.92585 90.0821
25.68394 -31.92585 90.0821
26.33925 -31.92585 90.0821
26.99434 -31.90951 90.0821
27.64939 -31.89141 90.0821
28.30445 -31.87331 90.0821
28.95951 -31.85521 90.0821
29.61458 -31.83711 90.0821
30.26911 -31.8057 90.0821
30.92356 -31.77206 90.0821
31.57801 -31.73843 90.0821
32.23245 -31.70479 90.0821
32.8869 -31.67115 90.0821
33.54096 -31.63132 90.0821
34.1945 -31.58316 90.0821
34.84804 -31.53501 90.0821
35.50158 -31.48685 90.0821
36.15373 -31.42361 90.0821
36.80507 -31.35163 90.0821
37.45642 -31.27965 90.0821
38.10777 -31.20766 90.0821
38.75096 -31.08534 90.0821
39.40055 -31.01251 90.0821
39.9136 -30.67183 90.0821
40.14208 -30.06447 90.0821
40.2702 -29.42244 90.0821
40.37503 -28.77559 90.0821
40.45903 -28.12569 90.0821
40.5345 -27.47523 90.0821
40.5345 -26.81992 90.0821
40.5345 -26.16461 90.0821
40.50114 -25.51074 90.0821
40.44488 -24.85785 90.0821
40.38862 -24.20495 90.0821
40.33402 -23.55192 90.0821
40.2803 -22.89882 90.08211
40.22659 -22.24571 90.08211
40.168 -21.59304 90.08211
40.10586 -20.94068 90.08211
40.04373 -20.28832 90.08211
39.94376 -19.64078 90.08211
39.84044 -18.99366 90.08211
39.73553 -18.3468 90.08211
39.62915 -17.70018 90.08211
39.54282 -17.0544 90.08211
Stroke End
