8
wood
115
-39.79075 8.717729 90.08212
-39.44948 8.746742 90.08212
-39.10821 8.775757 90.08212
-38.76694 8.80477 90.08212
-38.42567 8.833784 90.08212
-38.0844 8.862799 90.08212
-37.74313 8.891812 90.08212
-37.40186 8.920826 90.08212
-37.06058 8.949841 90.08212
-36.71931 8.978854 90.08212
-36.37804 9.007868 90.08212
-36.03677 9.036882 90.08212
-35.6955 9.065896 90.08212
-35.35423 9.09491 90.08212
-35.01295 9.123924 90.08212
-34.67168 9.152938 90.08212
-34.3322 9.193637 90.08212
-33.99776 9.267561 90.08212
-33.66333 9.341485 90.08212
-33.3289 9.415408 90.08212
-32.99448 9.489332 90.08212
-32.66005 9.563256 90.08212
-32.32586 9.638193 90.08212
-31.99438 9.724394 90.08212
-31.6629 9.810595 90.08212
-31.33143 9.896795 90.08212
-30.99995 9.982996 90.08212
-30.66847 10.0692 90.08212
-30.33699 10.1554 90.08212
-30.00552 10.2416 90.08212
-29.67404 10.3278 90.08212
-29.34232 10.41306 90.08212
-29.01044 10.4977 90.08212
-28.67856 10.58235 90.08212
-28.34669 10.66699 90.08212
-28.01481 10.75164 90.08212
-27.68293 10.83628 90.08212
-27.35105 10.92093 90.08212
-27.01917 11.00557 90.08212
-26.68729 11.09022 90.08212
-26.35542 11.17486 90.08212
-26.02354 11.25951 90.08212
-25.69166 11.34415 90.08212
-25.35978 11.4288 90.08212
-25.0279 11.51344 90.08212
-24.69603 11.59809 90.08212
-24.36415 11.68273 90.08212
-24.03231 11.76754 90.08212
-23.70053 11.85257 90.08212
-23.36875 11.9376 90.08212
-23.03697 12.02263 90.08212
-22.70519 12.10766 90.08212
-22.37341 12.19268 90.08212
-22.04163 12.27771 90.08212
-21.70985 12.36274 90.08212
-21.37807 12.44777 90.08212
-21.04629 12.5328 90.08212
-20.71451 12.61783 90.08212
-20.38273 12.70286 90.08212
-20.05095 12.78789 90.08212
-19.71917 12.87291 90.08212
-19.38739 12.95794 90.08212
-19.05561 13.04297 90.08212
-18.72383 13.128 90.08212
-18.39367 13.21851 90.08212
-18.06877 13.32691 90.08212
-17.74388 13.43531 90.08212
-17.41898 13.54371 90.08212
-17.09409 13.65211 90.08212
-16.76919 13.76051 90.08212
-16.44429 13.86892 90.08212
-16.1194 13.97732 90.08212
-15.7945 14.08572 90.08212
-15.46961 14.19412 90.08212
-15.14471 14.30252 90.08212
-14.81982 14.41092 90.08212
-14.49492 14.51932 90.08212
-14.17003 14.62772 90.08212
-13.84498 14.73566 90.08212
-13.51988 14.84346 90.08212
-13.19478 14.95125 90.08212
-12.86968 15.05904 90.08212
-12.54459 15.16683 90.08212
-12.21949 15.27463 90.08212
-11.89439 15.38242 90.08212
-11.56929 15.49021 90.08212
-11.2442 15.59801 90.08212
-10.9191 15.7058 90.08212
-10.5934 15.81174 90.08212
-10.26727 15.91639 90.08212
-9.941148 16.02103 90.08212
-9.615022 16.12567 90.08212
-9.288896 16.23031 90.08212
-8.96277 16.33496 90.08212
-8.636645 16.4396 90.08212
-8.31052 16.54424 90.08212
-7.987857 16.65893 90.08212
-7.668402 16.782 90.08212
-7.357299 16.92526 90.08212
-7.046196 17.06852 90.08212
Stroke End
-20.53583 37.21391 90.08213
-20.55811 36.45059 90.08213
-20.58038 35.68726 90.08213
-20.60266 34.92394 90.08213
-20.63245 34.16096 90.08213
-20.68056 33.39883 90.08213
-20.72867 32.6367 90.08213
-20.77678 31.87457 90.08213
-20.8249 31.11244 90.08213
-20.86984 30.35015 90.08213
-20.89495 29.58692 90.08213
-20.92007 28.82368 90.08213
-20.94518 28.06044 90.08213
-20.97029 27.29721 90.08212
-20.99541 26.53397 90.08212
-21.02052 25.77074 90.08212
-21.06021 25.00823 90.08212
-21.11155 24.24631 90.08212
-21.16289 23.48439 90.08212
-21.21422 22.72247 90.08212
-21.26556 21.96055 90.08212
-21.3169 21.19862 90.08212
-21.36823 20.4367 90.08212
-21.41957 19.67478 90.08212
-21.47091 18.91286 90.08212
-21.52225 18.15094 90.08212
-21.57358 17.38902 90.08212
-21.61302 16.62662 90.08212
-21.62304 15.86303 90.08212
-21.63305 15.09945 90.08212
-21.64306 14.33587 90.08212
-21.65307 13.57228 90.08212
-21.66309 12.8087 90.08212
-21.6731 12.04512 90.08212
-21.68311 11.28153 90.08212
-21.69348 10.51796 90.08212
-21.7138 9.75458 90.08212
-21.73412 8.9912 90.08212
-21.75443 8.227821 90.08212
-21.77475 7.464443 90.08212
-21.81354 6.701787 90.08212
-21.85297 5.939157 90.08212
-21.8924 5.176526 90.08212
-21.93183 4.413896 90.08212
-21.96331 3.650908 90.08212
-21.99248 2.887816 90.08212
-22.02166 2.124724 90.08212
-22.05083 1.361633 90.08212
-22.08 0.5985413 90.08212
-22.10917 -0.1645503 90.08212
-22.13835 -0.927642 90.08212
-22.16752 -1.690734 90.08212
-22.19416 -2.453907 90.08212
-22.21418 -3.217293 90.08212
-22.2342 -3.98068 90.08212
-22.25422 -4.744066 90.08212
-22.27424 -5.507453 90.08212
-22.29426 -6.270839 90.08212
-22.31428 -7.034226 90.08212
-22.3343 -7.797613 90.08212
-22.35496 -8.56097 90.08212
-22.40421 -9.32303 90.08212
-22.45346 -10.08509 90.08212
-22.50272 -10.84715 90.08212
-22.55197 -11.60921 90.08212
-22.60122 -12.37127 90.08212
-22.65047 -13.13333 90.08212
-22.69972 -13.89538 90.08212
-22.74897 -14.65744 90.08212
-22.79961 -15.41941 90.08212
-22.85106 -16.18133 90.08212
-22.9025 -16.94324 90.08212
-22.95395 -17.70515 90.08212
-23.00539 -18.46707 90.08211
-23.05684 -19.22898 90.08211
-23.10829 -19.9909 90.08211
-23.15973 -20.75281 90.08211
-23.21366 -21.51455 90.08211
-23.26923 -22.27617 90.08211
-23.3248 -23.0378 90.08211
-23.38038 -23.79943 90.08211
-23.43595 -24.56105 90.08211
-23.49153 -25.32267 90.08211
-23.5471 -26.0843 90.08211
-23.60061 -26.84606 90.08211
-23.64373 -27.60849 90.08211
-23.68684 -28.37092 90.08211
-23.72996 -29.13335 90.08211
-23.77308 -29.89578 90.08211
-23.81619 -30.65821 90.08211
-23.8561 -31.42081 90.08211
-23.89149 -32.18364 90.08211
-23.92689 -32.94646 90.08211
-23.96228 -33.70929 90.08211
-23.99767 -34.47212 90.08211
-24.02648 -35.23522 90.08211
-24.05304 -35.99841 90.08211
-24.0796 -36.76159 90.08211
-24.11848 -37.5242 90.08211
-24.16446 -38.28646 90.0821
Stroke End
-23.59348 6.251714 90.08212
-23.68248 5.891039 90.08212
-23.77148 5.530363 90.08212
-23.86048 5.169688 90.08212
-23.94949 4.809012 90.08212
-24.03849 4.448337 90.08212
-24.14355 4.092532 90.08212
-24.26997 3.743212 90.08212
-24.3964 3.393892 90.08212
-24.52283 3.044572 90.08212
-24.64925 2.695252 90.08212
-24.77568 2.345932 90.08212
-24.90211 1.996612 90.08212
-25.02853 1.647292 90.08212
-25.15496 1.297972 90.08212
-25.28139 0.9486518 90.08212
-25.40781 0.5993315 90.08212
-25.57064 0.2654916 90.08212
-25.73457 -0.06787781 90.08212
-25.8985 -0.4012468 90.08212
-26.06243 -0.7346163 90.08212
-26.22636 -1.067986 90.08212
-26.39029 -1.401355 90.08212
-26.55422 -1.734725 90.08212
-26.71815 -2.068094 90.08212
-26.88208 -2.401463 90.08212
-27.04601 -2.734832 90.08212
-27.20994 -3.068202 90.08212
-27.37387 -3.401571 90.08212
-27.52887 -3.738944 90.08212
-27.6685 -4.083199 90.08212
-27.80813 -4.427454 90.08212
-27.94776 -4.771709 90.08212
-28.08739 -5.115963 90.08212
-28.22702 -5.460219 90.08212
-28.36665 -5.804474 90.08212
-28.50628 -6.148729 90.08212
-28.68392 -6.473651 90.08212
-28.87995 -6.789215 90.08212
-29.07598 -7.104779 90.08212
-29.27201 -7.420342 90.08212
-29.46804 -7.735906 90.08212
-29.66407 -8.05147 90.08212
-29.8601 -8.367034 90.08212
-30.05613 -8.682597 90.08212
-30.25216 -8.99816 90.08212
-30.44819 -9.313725 90.08212
-30.64422 -9.629289 90.08212
-30.84025 -9.944853 90.08212
-31.03628 -10.26042 90.08212
-31.23231 -10.57598 90.08212
-31.42834 -10.89154 90.08212
-31.62437 -11.20711 90.08212
-31.8204 -11.52267 90.08212
-32.01643 -11.83823 90.08212
-32.21246 -12.1538 90.08212
-32.41511 -12.46489 90.08212
-32.63463 -12.76459 90.08212
-32.85415 -13.06429 90.08212
-33.07367 -13.36399 90.08212
-33.29318 -13.66369 90.08212
-33.5127 -13.96339 90.08212
-33.73222 -14.26309 90.08212
-33.96205 -14.55492 90.08212
-34.19326 -14.8457 90.08212
-34.42446 -15.13647 90.08212
-34.65567 -15.42725 90.08212
-34.88688 -15.71803 90.08212
-35.11808 -16.00881 90.08212
-35.34929 -16.29959 90.08212
-35.58049 -16.59037 90.08212
-35.8117 -16.88114 90.08212
-36.0429 -17.17192 90.08212
-36.27154 -17.46471 90.08212
-36.49776 -17.75938 90.08212
-36.72398 -18.05405 90.08212
-36.95021 -18.34872 90.08212
-37.17643 -18.6434 90.08212
-37.40266 -18.93807 90.08211
-37.62888 -19.23274 90.08211
-37.8551 -19.52741 90.08211
-38.08133 -19.82208 90.08211
-38.30755 -20.11675 90.08211
-38.54696 -20.39943 90.08211
-38.8189 -20.65253 90.08211
-39.09084 -20.90562 90.08211
-39.36277 -21.15872 90.08211
-39.63471 -21.41182 90.08211
-39.90665 -21.66491 90.08211
-40.17859 -21.91801 90.08211
-40.45053 -22.1711 90.08211
-40.72247 -22.4242 90.08211
-40.9944 -22.6773 90.08211
-41.26634 -22.9304 90.08211
-41.53828 -23.18349 90.08211
-41.76874 -23.47303 90.08211
-41.98467 -23.77532 90.08211
-42.20061 -24.07761 90.08211
-42.41654 -24.3799 90.08211
-42.63247 -24.6822 90.08211
Stroke End
-21.5275 2.141684 90.08212
-21.36846 2.008335 90.08212
-21.20941 1.874986 90.08212
-21.05037 1.741637 90.08212
-20.89132 1.608288 90.08212
-20.73227 1.474939 90.08212
-20.57323 1.34159 90.08212
-20.41418 1.208241 90.08212
-20.25513 1.074892 90.08212
-20.09609 0.9415429 90.08212
-19.93704 0.8081939 90.08212
-19.77799 0.6748451 90.08212
-19.61895 0.541496 90.08212
-19.4599 0.4081471 90.08212
-19.30086 0.2747982 90.08212
-19.14181 0.1414492 90.08212
-19.00121 -0.01105369 90.08212
-18.86196 -0.1649581 90.08212
-18.7227 -0.3188626 90.08212
-18.58345 -0.4727668 90.08212
-18.4442 -0.6266715 90.08212
-18.30495 -0.7805758 90.08212
-18.1657 -0.9344801 90.08212
-18.02644 -1.088385 90.08212
-17.88719 -1.242289 90.08212
-17.74794 -1.396193 90.08212
-17.60869 -1.550098 90.08212
-17.46943 -1.704001 90.08212
-17.33018 -1.857905 90.08212
-17.19093 -2.011809 90.08212
-17.05168 -2.165713 90.08212
-16.91242 -2.319617 90.08212
-16.77317 -2.473521 90.08212
-16.63392 -2.627424 90.08212
-16.49467 -2.781328 90.08212
-16.35541 -2.935232 90.08212
-16.21616 -3.089136 90.08212
-16.07691 -3.24304 90.08212
-15.93765 -3.396944 90.08212
-15.79057 -3.543273 90.08212
-15.64137 -3.687557 90.08212
-15.49218 -3.83184 90.08212
-15.34298 -3.976123 90.08212
-15.19378 -4.120407 90.08212
-15.04458 -4.264689 90.08212
-14.89538 -4.408973 90.08212
-14.74619 -4.553257 90.08212
-14.59699 -4.697539 90.08212
-14.44779 -4.841823 90.08212
-14.29859 -4.986106 90.08212
-14.14939 -5.130389 90.08212
-14.0002 -5.274673 90.08212
-13.851 -5.418956 90.08212
-13.7018 -5.563239 90.08212
-13.5526 -5.707523 90.08212
-13.40341 -5.851806 90.08212
-13.25381 -5.995662 90.08212
-13.09832 -6.133142 90.08212
-12.94283 -6.270621 90.08212
-12.78734 -6.408101 90.08212
-12.63185 -6.54558 90.08212
-12.47636 -6.68306 90.08212
-12.32087 -6.82054 90.08212
-12.16538 -6.958019 90.08212
-12.0099 -7.095499 90.08212
-11.85441 -7.232979 90.08212
-11.69892 -7.370458 90.08212
-11.54343 -7.507938 90.08212
-11.38794 -7.645418 90.08212
-11.23245 -7.782897 90.08212
-11.07696 -7.920377 90.08212
-10.92147 -8.057857 90.08212
-10.76559 -8.194887 90.08212
-10.60683 -8.328574 90.08212
-10.44807 -8.462262 90.08212
-10.2893 -8.59595 90.08212
-10.13054 -8.729637 90.08212
-9.971781 -8.863325 90.08212
-9.813019 -8.997013 90.08212
-9.654257 -9.130701 90.08212
-9.495495 -9.264389 90.08212
-9.336735 -9.398075 90.08212
-9.177973 -9.531763 90.08212
-9.016728 -9.662165 90.08212
-8.844731 -9.778333 90.08212
-8.672735 -9.894501 90.08212
-8.500739 -10.01067 90.08212
-8.328744 -10.12684 90.08212
-8.156748 -10.243 90.08212
-7.984751 -10.35917 90.08212
-7.812755 -10.47534 90.08212
-7.640758 -10.59151 90.08212
-7.462357 -10.69695 90.08212
-7.278481 -10.79321 90.08212
-7.094604 -10.88947 90.08212
-6.910726 -10.98574 90.08212
-6.726849 -11.082 90.08212
-6.542972 -11.17827 90.08212
-6.359094 -11.27453 90.08212
-6.175217 -11.3708 90.08212
Stroke End
4.586468 19.40382 90.08212
4.416712 19.14651 90.08212
4.246957 18.88921 90.08212
4.077202 18.63191 90.08212
3.907447 18.37461 90.08212
3.737691 18.1173 90.08212
3.567936 17.86 90.08212
3.398181 17.6027 90.08212
3.228426 17.34539 90.08212
3.05867 17.08809 90.08212
2.888915 16.83079 90.08212
2.71916 16.57348 90.08212
2.549404 16.31618 90.08212
2.379649 16.05888 90.08212
2.209894 15.80157 90.08212
2.040139 15.54427 90.08212
1.870384 15.28697 90.08212
1.700628 15.02966 90.08212
1.525265 14.77615 90.08212
1.349677 14.52279 90.08212
1.174089 14.26943 90.08212
0.9985015 14.01608 90.08212
0.8229139 13.76272 90.08212
0.6473261 13.50936 90.08212
0.4717383 13.256 90.08212
0.2961505 13.00264 90.08212
0.1205627 12.74928 90.08212
-0.05502508 12.49592 90.08212
-0.2306123 12.24257 90.08212
-0.4062002 11.98921 90.08212
-0.581788 11.73585 90.08212
-0.7573757 11.48249 90.08212
-0.9329637 11.22913 90.08212
-1.108551 10.97577 90.08212
-1.284323 10.72254 90.08212
-1.469907 10.47641 90.08212
-1.655491 10.23028 90.08212
-1.841074 9.984151 90.08212
-2.026658 9.73802 90.08212
-2.212242 9.491889 90.08212
-2.397825 9.245758 90.08212
-2.583409 8.999627 90.08212
-2.768993 8.753496 90.08212
-2.954577 8.507365 90.08212
-3.14016 8.261235 90.08212
-3.325744 8.015103 90.08212
-3.511328 7.768973 90.08212
-3.696912 7.522841 90.08212
-3.882496 7.276711 90.08212
-4.068079 7.03058 90.08212
-4.253664 6.784449 90.08212
-4.439247 6.538318 90.08212
-4.625613 6.292786 90.08212
-4.814981 6.049554 90.08212
-5.00435 5.806323 90.08212
-5.193718 5.563092 90.08212
-5.383085 5.319862 90.08212
-5.572453 5.07663 90.08212
-5.761821 4.833399 90.08212
-5.95119 4.590168 90.08212
-6.140557 4.346936 90.08212
-6.329926 4.103704 90.08212
-6.519294 3.860473 90.08212
-6.708662 3.617242 90.08212
-6.89803 3.374011 90.08212
-7.087399 3.130779 90.08212
-7.276766 2.887548 90.08212
-7.466135 2.644316 90.08212
-7.655949 2.401443 90.08212
-7.852738 2.164176 90.08212
-8.049528 1.926909 90.08212
-8.246317 1.689641 90.08212
-8.443107 1.452374 90.08212
-8.639894 1.215108 90.08212
-8.836684 0.9778407 90.08212
-9.033474 0.7405735 90.08212
-9.230263 0.5033061 90.08212
-9.427052 0.2660387 90.08212
-9.623842 0.02877143 90.08212
-9.820631 -0.208496 90.08212
-10.01742 -0.4457632 90.08212
-10.21421 -0.6830306 90.08212
-10.41232 -0.9191748 90.08212
-10.61562 -1.150887 90.08212
-10.81892 -1.3826 90.08212
-11.02222 -1.614312 90.08212
-11.22552 -1.846025 90.08212
-11.42882 -2.077738 90.08212
-11.63212 -2.309448 90.08212
-11.83542 -2.541161 90.08212
-12.03872 -2.772874 90.08212
-12.24202 -3.004586 90.08212
-12.44532 -3.236299 90.08212
-12.64862 -3.468011 90.08212
-12.85192 -3.699724 90.08212
-13.05591 -3.930826 90.08212
-13.26273 -4.159405 90.08212
-13.46954 -4.387983 90.08212
-13.67636 -4.616561 90.08212
-13.92445 -4.799502 90.08212
Stroke End
9.296903 26.98452 90.08212
9.576472 26.72703 90.08212
9.856042 26.46954 90.08212
10.13561 26.21206 90.08212
10.40746 25.9467 90.08212
10.66997 25.67185 90.08212
10.93248 25.39699 90.08212
11.19499 25.12213 90.08212
11.4575 24.84727 90.08212
11.72001 24.57242 90.08212
11.98252 24.29756 90.08212
12.24503 24.0227 90.08212
12.50753 23.74784 90.08212
12.77004 23.47298 90.08212
13.03255 23.19812 90.08212
13.29506 22.92326 90.08212
13.55757 22.6484 90.08212
13.82008 22.37354 90.08212
14.08258 22.09867 90.08212
14.34509 21.82381 90.08212
14.6076 21.54895 90.08212
14.87011 21.27409 90.08212
15.14698 21.01453 90.08212
15.43771 20.76971 90.08212
15.72844 20.5249 90.08212
16.01918 20.28008 90.08212
16.30991 20.03527 90.08212
16.60064 19.79046 90.08212
16.88428 19.53766 90.08212
17.16188 19.27805 90.08212
17.43948 19.01844 90.08212
17.71708 18.75883 90.08212
17.99468 18.49922 90.08212
18.27228 18.23961 90.08212
18.54988 17.98001 90.08212
18.82748 17.7204 90.08212
19.10509 17.46079 90.08212
19.38269 17.20118 90.08212
19.66029 16.94157 90.08212
19.93789 16.68196 90.08212
20.20596 16.41255 90.08212
20.47331 16.1424 90.08212
20.74066 15.87225 90.08212
21.00801 15.6021 90.08212
21.27536 15.33195 90.08212
21.54272 15.0618 90.08212
21.81007 14.79165 90.08212
22.07742 14.52149 90.08212
22.34477 14.25134 90.08212
22.61212 13.98119 90.08212
22.87947 13.71104 90.08212
23.14683 13.44089 90.08212
23.41418 13.17073 90.08212
23.68152 12.90058 90.08212
23.94888 12.63043 90.08212
24.21622 12.36028 90.08212
24.48358 12.09012 90.08212
24.75093 11.81997 90.08212
25.01828 11.54982 90.08212
25.28563 11.27966 90.08212
25.55297 11.00951 90.08212
25.81261 10.73241 90.08212
26.05361 10.43851 90.08212
26.29461 10.1446 90.08212
26.5356 9.850697 90.08212
26.7766 9.556792 90.08212
27.01759 9.262888 90.08212
27.25859 8.968984 90.08212
27.49958 8.675079 90.08212
27.74058 8.381177 90.08212
27.98158 8.087273 90.08212
28.2176 7.789486 90.08212
28.44432 7.484435 90.08212
28.67104 7.179384 90.08212
28.89776 6.874332 90.08212
29.12449 6.569281 90.08212
29.35121 6.264232 90.08212
29.57793 5.95918 90.08212
29.80465 5.65413 90.08212
30.03137 5.349078 90.08212
30.26103 5.04623 90.08212
30.49079 4.743463 90.08212
30.72055 4.440695 90.08212
30.95031 4.137928 90.08212
31.18007 3.83516 90.08212
31.40984 3.532392 90.08212
31.6396 3.229625 90.08212
31.86936 2.926857 90.08212
32.09912 2.624092 90.08212
32.33266 2.324253 90.08212
32.56858 2.02626 90.08212
32.8045 1.728267 90.08212
33.04042 1.430274 90.08212
33.27634 1.132281 90.08212
33.51226 0.834288 90.08212
33.74819 0.5362949 90.08212
33.98334 0.2376976 90.08212
34.21626 -0.06264252 90.08212
34.44919 -0.3629827 90.08212
34.68211 -0.6633228 90.08212
Stroke End
8.718429 -0.05032393 90.08212
8.474818 -0.6785544 90.08212
8.231207 -1.306785 90.08212
7.987596 -1.935015 90.08212
7.743985 -2.563246 90.08212
7.500374 -3.191477 90.08212
7.188143 -3.788115 90.08212
6.869258 -4.381691 90.08212
6.550374 -4.975267 90.08212
6.23149 -5.568843 90.08212
5.912605 -6.16242 90.08212
5.525665 -6.713979 90.08212
5.137881 -7.265017 90.08212
4.750096 -7.816054 90.08212
4.362311 -8.367092 90.08212
3.974526 -8.918131 90.08212
3.58707 -9.469393 90.08212
3.215106 -10.03123 90.08212
2.843141 -10.59307 90.08212
2.471176 -11.15491 90.08212
2.099211 -11.71675 90.08211
1.727247 -12.27858 90.08211
1.355283 -12.84042 90.08211
0.9795926 -13.39974 90.08211
0.5971548 -13.9545 90.08211
0.2147159 -14.50927 90.08211
-0.1677219 -15.06403 90.08211
-0.5501609 -15.61879 90.08211
-0.9325988 -16.17355 90.08211
-1.315038 -16.72831 90.08211
-1.721039 -17.26503 90.08211
-2.156911 -17.77888 90.08211
-2.592782 -18.29272 90.08211
-3.028653 -18.80656 90.08211
-3.464525 -19.32041 90.08211
-3.900396 -19.83425 90.08211
-4.284661 -20.38652 90.08211
-4.652008 -20.95139 90.08211
-5.019356 -21.51626 90.08211
-5.386703 -22.08113 90.08211
-5.754051 -22.64599 90.08211
-6.103374 -23.2219 90.08211
-6.439593 -23.80583 90.08211
-6.798535 -24.37597 90.08211
-7.161222 -24.94384 90.08211
-7.517925 -25.5152 90.08211
-7.832443 -26.1111 90.08211
-8.145521 -26.70775 90.08211
-8.469926 -27.2974 90.08211
-8.440611 -27.71859 90.08211
-7.779553 -27.58812 90.08211
-7.118496 -27.45765 90.08211
-6.457438 -27.32719 90.08211
-5.81343 -27.13724 90.08211
-5.183666 -26.89763 90.08211
-4.553901 -26.65801 90.08211
-3.924136 -26.4184 90.08211
-3.294372 -26.17878 90.08211
-2.664603 -25.93917 90.08211
-2.034839 -25.69955 90.08211
-1.405074 -25.45994 90.08211
-0.780387 -25.2077 90.08211
-0.1600144 -24.94471 90.08211
0.4603547 -24.68172 90.08211
1.080724 -24.41874 90.08211
1.701093 -24.15575 90.08211
2.321462 -23.89277 90.08211
2.941835 -23.62978 90.08211
3.562203 -23.3668 90.08211
4.182573 -23.10381 90.08211
4.802942 -22.84083 90.08211
5.436095 -22.61092 90.08211
6.072125 -22.38847 90.08211
6.708155 -22.16602 90.08211
7.344184 -21.94357 90.08211
7.980214 -21.72111 90.08211
8.616247 -21.49866 90.08211
9.252277 -21.27621 90.08211
9.888308 -21.05376 90.08211
10.52434 -20.8313 90.08211
11.16037 -20.60885 90.08211
11.80108 -20.40071 90.08211
12.4456 -20.2042 90.08211
13.09012 -20.0077 90.08211
13.73464 -19.81119 90.08211
14.39269 -19.66846 90.08211
15.05345 -19.53648 90.08211
15.71421 -19.4045 90.08211
16.37496 -19.27253 90.08211
17.03572 -19.14055 90.08211
17.69648 -19.00857 90.08211
18.35724 -18.8766 90.08211
19.018 -18.74462 90.08211
19.67875 -18.61264 90.08211
20.33952 -18.48067 90.08211
21.00187 -18.3573 90.08211
21.66614 -18.24435 90.08211
22.33042 -18.1314 90.08211
22.99498 -18.02016 90.08211
23.66342 -17.95176 90.08211
Stroke End
21.03165 -6.261025 90.08211
21.13118 -6.50852 90.08211
21.23071 -6.756014 90.08211
21.33024 -7.003508 90.08211
21.42121 -7.254193 90.08211
21.50814 -7.506389 90.08211
21.59507 -7.758584 90.08211
21.682 -8.01078 90.08211
21.76893 -8.262977 90.08211
21.85585 -8.515172 90.08211
21.94278 -8.767368 90.08211
22.03024 -9.019374 90.08211
22.12434 -9.268981 90.08211
22.21844 -9.518588 90.08211
22.31255 -9.768195 90.08211
22.40665 -10.0178 90.08211
22.50627 -10.26523 90.08211
22.60846 -10.51163 90.08211
22.71064 -10.75804 90.08211
22.81283 -11.00445 90.08211
22.91502 -11.25086 90.08211
23.0172 -11.49727 90.08211
23.11939 -11.74368 90.08211
23.22157 -11.99009 90.08211
23.32376 -12.2365 90.08211
23.42595 -12.4829 90.08211
23.52813 -12.72931 90.08211
23.63032 -12.97572 90.08211
23.7325 -13.22213 90.08211
23.83469 -13.46854 90.08211
23.93687 -13.71495 90.08211
24.03906 -13.96136 90.08211
24.14125 -14.20777 90.08211
24.24343 -14.45417 90.08211
24.35254 -14.69759 90.08211
24.46249 -14.94063 90.08211
24.57244 -15.18367 90.08211
24.68239 -15.42671 90.08211
24.79235 -15.66976 90.08211
24.9023 -15.9128 90.08211
25.02614 -16.14899 90.08211
25.15192 -16.38424 90.08211
25.27769 -16.61948 90.08211
25.40347 -16.85472 90.08211
25.52924 -17.08997 90.08211
25.65502 -17.32521 90.08211
25.78079 -17.56046 90.08211
25.90657 -17.7957 90.08211
26.03234 -18.03095 90.08211
26.15812 -18.26619 90.08211
26.28389 -18.50144 90.08211
26.40967 -18.73668 90.08211
26.53544 -18.97192 90.08211
26.66122 -19.20717 90.08211
26.78699 -19.44241 90.08211
26.91277 -19.67766 90.08211
27.03854 -19.9129 90.08211
27.15721 -20.15177 90.08211
27.27405 -20.39158 90.08211
27.39088 -20.63139 90.08211
27.50772 -20.8712 90.08211
27.62455 -21.11101 90.08211
27.72998 -21.35599 90.08211
27.83329 -21.60193 90.08211
27.93661 -21.84787 90.08211
28.03992 -22.09381 90.08211
28.14324 -22.33974 90.08211
28.24655 -22.58568 90.08211
28.34987 -22.83162 90.08211
28.45318 -23.07756 90.08211
28.5565 -23.32349 90.08211
28.65981 -23.56943 90.08211
28.75835 -23.81726 90.08211
28.85095 -24.06742 90.08211
28.94355 -24.31759 90.08211
29.03615 -24.56776 90.08211
29.12875 -24.81793 90.0821
29.22135 -25.0681 90.0821
29.31395 -25.31827 90.0821
29.40655 -25.56844 90.0821
29.49416 -25.82032 90.0821
29.57469 -26.07463 90.0821
29.65523 -26.32894 90.0821
29.73577 -26.58325 90.0821
29.8163 -26.83755 90.0821
29.89684 -27.09187 90.0821
29.97737 -27.34617 90.0821
30.05376 -27.60164 90.0821
30.11633 -27.86095 90.0821
30.1789 -28.12027 90.0821
30.24147 -28.37959 90.0821
30.30404 -28.6389 90.0821
30.3666 -28.89821 90.0821
30.41091 -29.16123 90.0821
30.45421 -29.42445 90.0821
30.49751 -29.68767 90.0821
30.54388 -29.95024 90.0821
30.61064 -30.20851 90.0821
30.6774 -30.46678 90.0821
30.79856 -30.70045 90.0821
Stroke End
