7
earth
110
-40.20395 8.443719 90.08212
-39.9049 8.402409 90.08212
-39.60586 8.361098 90.08212
-39.30682 8.319788 90.08212
-39.00778 8.278478 90.08212
-38.70715 8.256576 90.08212
-38.40537 8.248818 90.08212
-38.10359 8.24106 90.08212
-37.80181 8.233302 90.08212
-37.50003 8.225545 90.08212
-37.19825 8.217787 90.08212
-36.89646 8.210029 90.08212
-36.59468 8.202271 90.08212
-36.2929 8.194513 90.08212
-35.99112 8.186755 90.08212
-35.68933 8.178998 90.08212
-35.38755 8.17124 90.08212
-35.08576 8.175299 90.08212
-34.78395 8.182249 90.08212
-34.48215 8.189199 90.08212
-34.18036 8.19615 90.08212
-33.87855 8.2031 90.08212
-33.57675 8.210051 90.08212
-33.27495 8.217001 90.08212
-32.97315 8.223951 90.08212
-32.67135 8.230902 90.08212
-32.36954 8.237852 90.08212
-32.06775 8.244802 90.08212
-31.76594 8.251753 90.08212
-31.46414 8.258703 90.08212
-31.16285 8.275955 90.08212
-30.86181 8.298512 90.08212
-30.56077 8.321068 90.08212
-30.25973 8.343623 90.08212
-29.95869 8.366179 90.08212
-29.65766 8.388736 90.08212
-29.35662 8.411292 90.08212
-29.05558 8.433848 90.08212
-28.75455 8.456405 90.08212
-28.45351 8.47896 90.08212
-28.15247 8.501516 90.08212
-27.85143 8.524073 90.08212
-27.5504 8.546629 90.08212
-27.24936 8.569185 90.08212
-26.94832 8.591742 90.08212
-26.64728 8.614298 90.08212
-26.34693 8.643728 90.08212
-26.04737 8.681108 90.08212
-25.74782 8.71849 90.08212
-25.44826 8.75587 90.08212
-25.1487 8.79325 90.08212
-24.84914 8.83063 90.08212
-24.54958 8.868011 90.08212
-24.25002 8.905392 90.08212
-23.95047 8.942772 90.08212
-23.65091 8.980152 90.08212
-23.35135 9.017532 90.08212
-23.05179 9.054913 90.08212
-22.75224 9.092294 90.08212
-22.45268 9.129674 90.08212
-22.15312 9.167054 90.08212
-21.85356 9.204434 90.08212
-21.554 9.241815 90.08212
-21.25688 9.292206 90.08212
-20.9641 9.365748 90.08212
-20.67131 9.439291 90.08212
-20.37852 9.512834 90.08212
-20.08574 9.586376 90.08212
-19.79295 9.659919 90.08212
-19.50016 9.73346 90.08212
-19.20738 9.807003 90.08212
-18.91459 9.880546 90.08212
-18.62181 9.954088 90.08212
-18.32902 10.02763 90.08212
-18.03623 10.10117 90.08212
-17.74345 10.17472 90.08212
-17.45136 10.25099 90.08212
-17.15932 10.32743 90.08212
-16.86728 10.40388 90.08212
-16.57523 10.48032 90.08212
-16.28319 10.55676 90.08212
-15.99115 10.63321 90.08212
-15.69911 10.70965 90.08212
-15.40707 10.7861 90.08212
-15.11502 10.86254 90.08212
-14.82298 10.93899 90.08212
-14.53127 11.01662 90.08212
-14.24096 11.09943 90.08212
-13.95066 11.18223 90.08212
-13.66035 11.26503 90.08212
-13.37005 11.34783 90.08212
-13.07975 11.43063 90.08212
-12.78944 11.51343 90.08212
-12.49914 11.59623 90.08212
-12.20883 11.67903 90.08212
-11.92324 11.77506 90.08212
-11.64589 11.89427 90.08212
-11.36854 12.01347 90.08212
-11.09119 12.13268 90.08212
-10.81384 12.25189 90.08212
Stroke End
-23.26293 32.46456 90.08213
-23.29035 31.96454 90.08213
-23.31777 31.46452 90.08213
-23.34518 30.9645 90.08213
-23.3726 30.46449 90.08213
-23.40002 29.96447 90.08213
-23.42744 29.46445 90.08213
-23.45264 28.96432 90.08213
-23.47778 28.46418 90.08213
-23.50292 27.96404 90.08213
-23.52806 27.4639 90.08213
-23.55321 26.96376 90.08213
-23.57835 26.46363 90.08213
-23.60349 25.96349 90.08212
-23.62863 25.46335 90.08212
-23.65377 24.96321 90.08212
-23.67891 24.46308 90.08212
-23.70405 23.96294 90.08212
-23.72919 23.4628 90.08212
-23.75433 22.96266 90.08212
-23.771 22.46219 90.08212
-23.78584 21.96164 90.08212
-23.80069 21.46109 90.08212
-23.81554 20.96054 90.08212
-23.83039 20.45999 90.08212
-23.84524 19.95944 90.08212
-23.86008 19.45889 90.08212
-23.87493 18.95834 90.08212
-23.88978 18.4578 90.08212
-23.90463 17.95725 90.08212
-23.91948 17.4567 90.08212
-23.93505 16.95617 90.08212
-23.95094 16.45565 90.08212
-23.96683 15.95514 90.08212
-23.98272 15.45462 90.08212
-23.99861 14.9541 90.08212
-24.0145 14.45359 90.08212
-24.03039 13.95307 90.08212
-24.04628 13.45255 90.08212
-24.06217 12.95203 90.08212
-24.07806 12.45152 90.08212
-24.0932 11.95098 90.08212
-24.10653 11.45039 90.08212
-24.11985 10.9498 90.08212
-24.13317 10.4492 90.08212
-24.14649 9.948613 90.08212
-24.15981 9.44802 90.08212
-24.17195 8.947412 90.08212
-24.17195 8.446644 90.08212
-24.17195 7.945875 90.08212
-24.17195 7.445106 90.08212
-24.17195 6.944335 90.08212
-24.17195 6.443567 90.08212
-24.17195 5.942798 90.08212
-24.17195 5.442027 90.08212
-24.17195 4.941258 90.08212
-24.17195 4.44049 90.08212
-24.17195 3.939721 90.08212
-24.17447 3.438972 90.08212
-24.18215 2.93826 90.08212
-24.18983 2.43755 90.08212
-24.1975 1.93684 90.08212
-24.20518 1.436128 90.08212
-24.21286 0.935418 90.08212
-24.22054 0.434708 90.08212
-24.22822 -0.06600358 90.08212
-24.2359 -0.5667116 90.08212
-24.24357 -1.067423 90.08212
-24.25125 -1.568132 90.08212
-24.2818 -2.067567 90.08212
-24.3299 -2.566021 90.08212
-24.37801 -3.064472 90.08212
-24.42612 -3.562927 90.08212
-24.47422 -4.061381 90.08212
-24.52233 -4.559832 90.08212
-24.57044 -5.058287 90.08212
-24.61855 -5.556741 90.08212
-24.66665 -6.055192 90.08212
-24.71476 -6.553647 90.08212
-24.76287 -7.052098 90.08212
-24.81097 -7.550552 90.08212
-24.85908 -8.049007 90.08212
-24.90718 -8.547458 90.08212
-24.99524 -9.04007 90.08212
-25.09189 -9.531422 90.08212
-25.18853 -10.02278 90.08212
-25.28518 -10.51413 90.08212
-25.39105 -11.00351 90.08212
-25.50453 -11.49125 90.08212
-25.61801 -11.97899 90.08212
-25.73149 -12.46673 90.08212
-25.84497 -12.95447 90.08212
-25.95845 -13.44222 90.08212
-26.07193 -13.92996 90.08212
-26.18695 -14.41734 90.08212
-26.30199 -14.90471 90.08212
-26.41703 -15.39209 90.08212
-26.53207 -15.87947 90.08212
-26.67372 -16.35941 90.08212
-26.8277 -16.83592 90.08211
Stroke End
-40.53451 -21.42246 90.08211
-40.20177 -21.29987 90.08211
-39.86904 -21.17729 90.08211
-39.54067 -21.04361 90.08211
-39.21364 -20.90651 90.08211
-38.88662 -20.76942 90.08211
-38.55959 -20.63233 90.08211
-38.23257 -20.49524 90.08211
-37.90554 -20.35814 90.08211
-37.57852 -20.22105 90.08211
-37.25668 -20.07285 90.08211
-36.94152 -19.91031 90.08211
-36.62638 -19.74776 90.08211
-36.31123 -19.58522 90.08211
-35.99607 -19.42267 90.08211
-35.68093 -19.26013 90.08211
-35.36578 -19.09758 90.08212
-35.05063 -18.93504 90.08212
-34.73548 -18.77249 90.08212
-34.42033 -18.60995 90.08212
-34.10518 -18.44741 90.08212
-33.79003 -18.28486 90.08212
-33.47883 -18.11498 90.08212
-33.1699 -17.94092 90.08212
-32.86096 -17.76685 90.08212
-32.55203 -17.59278 90.08212
-32.2431 -17.41872 90.08212
-31.93416 -17.24465 90.08212
-31.62523 -17.07058 90.08212
-31.31629 -16.89652 90.08212
-31.00735 -16.72245 90.08212
-30.69842 -16.54838 90.08212
-30.38948 -16.37432 90.08212
-30.08055 -16.20025 90.08212
-29.77161 -16.02618 90.08212
-29.46268 -15.85211 90.08212
-29.1538 -15.67795 90.08212
-28.84493 -15.50377 90.08212
-28.53605 -15.3296 90.08212
-28.22717 -15.15543 90.08212
-27.9183 -14.98126 90.08212
-27.60942 -14.80709 90.08212
-27.30055 -14.63292 90.08212
-26.99167 -14.45875 90.08212
-26.68279 -14.28458 90.08212
-26.37392 -14.11041 90.08212
-26.06504 -13.93624 90.08212
-25.75616 -13.76207 90.08212
-25.44729 -13.58789 90.08212
-25.1324 -13.42491 90.08212
-24.81673 -13.26339 90.08212
-24.50105 -13.10187 90.08212
-24.18538 -12.94034 90.08212
-23.8697 -12.77882 90.08212
-23.55403 -12.6173 90.08212
-23.23835 -12.45578 90.08212
-22.92268 -12.29426 90.08212
-22.607 -12.13273 90.08212
-22.29133 -11.97121 90.08212
-21.97565 -11.80969 90.08212
-21.65998 -11.64817 90.08212
-21.3443 -11.48665 90.08212
-21.02863 -11.32512 90.08212
-20.71693 -11.15614 90.08212
-20.40656 -10.98463 90.08212
-20.0962 -10.81312 90.08212
-19.78584 -10.64161 90.08212
-19.47548 -10.4701 90.08212
-19.16511 -10.2986 90.08212
-18.86143 -10.11558 90.08212
-18.55857 -9.931141 90.08212
-18.25571 -9.746702 90.08212
-17.95286 -9.562263 90.08212
-17.65 -9.377825 90.08212
-17.34714 -9.193385 90.08212
-17.04429 -9.008947 90.08212
-16.74143 -8.824508 90.08212
-16.43857 -8.640069 90.08212
-16.13572 -8.455631 90.08212
-15.83286 -8.271192 90.08212
-15.53 -8.086754 90.08212
-15.22715 -7.902314 90.08212
-14.92039 -7.724593 90.08212
-14.61003 -7.553084 90.08212
-14.29967 -7.381574 90.08212
-13.9893 -7.210064 90.08212
-13.67894 -7.038556 90.08212
-13.38362 -6.843045 90.08212
-13.09396 -6.638511 90.08212
-12.80429 -6.433977 90.08212
-12.51463 -6.229443 90.08212
-12.22496 -6.024909 90.08212
-11.9353 -5.820375 90.08212
-11.64563 -5.61584 90.08212
-11.35597 -5.411306 90.08212
-11.0663 -5.206771 90.08212
-10.77664 -5.002237 90.08212
-10.49914 -4.782512 90.08212
-10.23612 -4.544678 90.08212
-9.973112 -4.306843 90.08212
Stroke End
6.073973 35.75256 90.08213
6.124291 35.6228 90.08213
6.174611 35.49304 90.08213
6.224929 35.36327 90.08213
6.275249 35.23351 90.08213
6.325567 35.10374 90.08213
6.375886 34.97398 90.08213
6.426205 34.84422 90.08213
6.476524 34.71445 90.08213
6.526843 34.58469 90.08213
6.577857 34.45522 90.08213
6.632929 34.3274 90.08213
6.688001 34.19958 90.08213
6.743073 34.07176 90.08213
6.798144 33.94394 90.08213
6.853216 33.81612 90.08213
6.908288 33.6883 90.08213
6.96336 33.56048 90.08213
7.018432 33.43266 90.08212
7.073503 33.30484 90.08212
7.128575 33.17702 90.08212
7.183647 33.04921 90.08212
7.238719 32.92139 90.08212
7.29379 32.79357 90.08212
7.348862 32.66575 90.08212
7.403934 32.53793 90.08212
7.459006 32.41011 90.08212
7.514078 32.2823 90.08212
7.569149 32.15448 90.08212
7.624221 32.02666 90.08212
7.679293 31.89884 90.08212
7.734365 31.77102 90.08212
7.789437 31.6432 90.08212
7.844509 31.51538 90.08212
7.89958 31.38756 90.08212
7.954652 31.25974 90.08212
8.009724 31.13193 90.08212
8.064796 31.00411 90.08212
8.119868 30.87629 90.08212
8.174939 30.74847 90.08212
8.230946 30.62108 90.08212
8.292953 30.49648 90.08212
8.35496 30.37188 90.08212
8.416967 30.24728 90.08212
8.478975 30.12268 90.08212
8.540982 29.99808 90.08212
8.60299 29.87347 90.08212
8.664998 29.74887 90.08212
8.727005 29.62427 90.08212
8.789013 29.49967 90.08212
8.85102 29.37506 90.08212
8.913028 29.25046 90.08212
8.975035 29.12586 90.08212
9.037043 29.00126 90.08212
9.09905 28.87666 90.08212
9.162279 28.75268 90.08212
9.22686 28.62939 90.08212
9.291442 28.50611 90.08212
9.356023 28.38282 90.08212
9.420605 28.25953 90.08212
9.485187 28.13624 90.08212
9.549768 28.01296 90.08212
9.614349 27.88967 90.08212
9.67893 27.76638 90.08212
9.743512 27.6431 90.08212
9.808094 27.51981 90.08212
9.872675 27.39652 90.08212
9.937257 27.27323 90.08212
10.00184 27.14994 90.08212
10.06479 27.02584 90.08212
10.12527 26.90049 90.08212
10.18576 26.77514 90.08212
10.24625 26.6498 90.08212
10.30674 26.52445 90.08212
10.36722 26.3991 90.08212
10.42771 26.27376 90.08212
10.4882 26.14841 90.08212
10.54869 26.02306 90.08212
10.60918 25.89772 90.08212
10.66966 25.77237 90.08212
10.72538 25.64495 90.08212
10.7757 25.51519 90.08212
10.82602 25.38542 90.08212
10.87633 25.25566 90.08212
10.92665 25.12589 90.08212
10.98229 24.99843 90.08212
11.04241 24.87291 90.08212
11.10254 24.74739 90.08212
11.16267 24.62187 90.08212
11.22279 24.49635 90.08212
11.28292 24.37083 90.08212
11.34304 24.24531 90.08212
11.40317 24.11979 90.08212
11.4633 23.99427 90.08212
11.52342 23.86875 90.08212
11.58355 23.74323 90.08212
11.64367 23.61771 90.08212
11.70691 23.49397 90.08212
11.78506 23.37881 90.08212
11.86321 23.26364 90.08212
Stroke End
-14.66845 18.30779 90.08212
-14.24121 18.20755 90.08212
-13.80303 18.1672 90.08212
-13.36485 18.12685 90.08212
-12.92667 18.08649 90.08212
-12.48849 18.04614 90.08212
-12.04921 18.04435 90.08212
-11.60944 18.05953 90.08212
-11.16967 18.07472 90.08212
-10.7299 18.0899 90.08212
-10.29012 18.10509 90.08212
-9.850353 18.12028 90.08212
-9.410685 18.1381 90.08212
-8.971064 18.15715 90.08212
-8.531443 18.1762 90.08212
-8.091823 18.19526 90.08212
-7.652202 18.21431 90.08212
-7.212581 18.23337 90.08212
-6.772961 18.25242 90.08212
-6.33334 18.27147 90.08212
-5.89372 18.29053 90.08212
-5.45425 18.31175 90.08212
-5.016235 18.35385 90.08212
-4.578219 18.39594 90.08212
-4.140204 18.43804 90.08212
-3.702188 18.48013 90.08212
-3.264173 18.52223 90.08212
-2.826157 18.56432 90.08212
-2.388142 18.60641 90.08212
-1.950126 18.64851 90.08212
-1.512417 18.69353 90.08212
-1.075136 18.74268 90.08212
-0.6378565 18.79183 90.08212
-0.200577 18.84098 90.08212
0.2367036 18.89013 90.08212
0.6739832 18.93928 90.08212
1.111264 18.98843 90.08212
1.548544 19.03758 90.08212
1.985824 19.08673 90.08212
2.423103 19.13588 90.08212
2.860383 19.18503 90.08212
3.297361 19.23664 90.08212
3.733498 19.29506 90.08212
4.169635 19.35349 90.08212
4.605772 19.41192 90.08212
5.04191 19.47034 90.08212
5.478047 19.52877 90.08212
5.914184 19.5872 90.08212
6.35032 19.64562 90.08212
6.786457 19.70405 90.08212
7.222596 19.76248 90.08212
7.658733 19.82091 90.08212
8.09487 19.87933 90.08212
8.531006 19.93776 90.08212
8.964574 20.01236 90.08212
9.397326 20.09207 90.08212
9.830079 20.17179 90.08212
10.26283 20.2515 90.08212
10.69559 20.33121 90.08212
11.12834 20.41093 90.08212
11.56109 20.49064 90.08212
11.99384 20.57036 90.08212
12.4266 20.65007 90.08212
12.85935 20.72979 90.08212
13.2921 20.8095 90.08212
13.72401 20.89341 90.08212
14.15397 20.98701 90.08212
14.58394 21.08061 90.08212
15.0139 21.17421 90.08212
15.44386 21.26781 90.08212
15.87383 21.36142 90.08212
16.30379 21.45502 90.08212
16.73375 21.54862 90.08212
17.16372 21.64222 90.08212
17.59368 21.73582 90.08212
18.02364 21.82942 90.08212
18.4536 21.92303 90.08212
18.88357 22.01663 90.08212
19.31276 22.11366 90.08212
19.74147 22.21284 90.08212
20.17018 22.31201 90.08212
20.59889 22.41118 90.08212
21.02761 22.51035 90.08212
21.45632 22.60953 90.08212
21.88503 22.7087 90.08212
22.31374 22.80787 90.08212
22.74295 22.90484 90.08212
23.17316 22.99729 90.08212
23.60337 23.08974 90.08212
24.03358 23.18218 90.08212
24.4638 23.27464 90.08212
24.89401 23.36708 90.08212
25.32422 23.45954 90.08212
25.75522 23.54811 90.08212
26.18735 23.63117 90.08212
26.61947 23.71424 90.08212
27.05159 23.7973 90.08212
27.4838 23.87975 90.08212
27.92198 23.9201 90.08212
28.36016 23.96046 90.08212
Stroke End
0.3718777 3.42035 90.08212
0.3123746 2.960051 90.08212
0.2520036 2.499866 90.08212
0.1910804 2.039752 90.08212
0.1301572 1.579639 90.08212
0.06923392 1.119526 90.08212
0.008310655 0.6594127 90.08212
-0.05261261 0.1992994 90.08212
-0.1135358 -0.2608137 90.08212
-0.1744591 -0.7209268 90.08212
-0.2498232 -1.178635 90.08212
-0.341313 -1.633658 90.08212
-0.4328028 -2.08868 90.08212
-0.5242925 -2.543702 90.08212
-0.6081828 -3.000177 90.08212
-0.6908298 -3.456888 90.08212
-0.7734767 -3.913599 90.08212
-0.8561237 -4.370311 90.08212
-0.9387707 -4.827022 90.08212
-1.021418 -5.283734 90.08212
-1.104065 -5.740445 90.08212
-1.186712 -6.197157 90.08212
-1.27791 -6.652225 90.08212
-1.370498 -7.107024 90.08212
-1.463086 -7.561825 90.08212
-1.555674 -8.016625 90.08212
-1.648263 -8.471425 90.08212
-1.740851 -8.926226 90.08212
-1.833439 -9.381026 90.08212
-1.926027 -9.835826 90.08212
-2.06268 -10.27889 90.08212
-2.208535 -10.71951 90.08212
-2.35439 -11.16012 90.08212
-2.500246 -11.60074 90.08212
-2.646101 -12.04135 90.08211
-2.791956 -12.48197 90.08211
-2.937811 -12.92259 90.08211
-3.083666 -13.3632 90.08211
-3.240564 -13.79968 90.08211
-3.420035 -14.22771 90.08211
-3.599506 -14.65573 90.08211
-3.778979 -15.08376 90.08211
-3.95845 -15.51178 90.08211
-4.137921 -15.93981 90.08211
-4.317393 -16.36783 90.08211
-4.496865 -16.79586 90.08211
-4.676336 -17.22388 90.08211
-4.853689 -17.65279 90.08211
-5.029505 -18.08233 90.08211
-5.205321 -18.51187 90.08211
-5.381137 -18.94141 90.08211
-5.556953 -19.37095 90.08211
-5.732769 -19.80049 90.08211
-5.908586 -20.23003 90.08211
-6.084402 -20.65957 90.08211
-6.260218 -21.08911 90.08211
-6.436036 -21.51865 90.08211
-6.611853 -21.94818 90.08211
-6.78767 -22.37772 90.08211
-6.963487 -22.80726 90.08211
-7.139305 -23.2368 90.08211
-7.315123 -23.66634 90.08211
-7.49094 -24.09588 90.08211
-7.666758 -24.52542 90.08211
-7.842575 -24.95496 90.08211
-8.06265 -25.36242 90.08211
-8.300052 -25.76124 90.08211
-8.537453 -26.16006 90.08211
-8.774854 -26.55888 90.08211
-9.012255 -26.9577 90.08211
-9.249657 -27.35652 90.08211
-9.487059 -27.75533 90.08211
-9.72446 -28.15415 90.08211
-9.962294 -28.55269 90.08211
-10.22638 -28.93437 90.08211
-10.49046 -29.31604 90.08211
-10.75455 -29.69772 90.08211
-11.01863 -30.07939 90.08211
-11.28272 -30.46106 90.08211
-11.5468 -30.84274 90.08211
-11.81089 -31.22441 90.08211
-12.07497 -31.60608 90.08211
-12.36264 -31.97015 90.08211
-12.65352 -32.33182 90.08211
-12.9444 -32.69349 90.08211
-13.23528 -33.05516 90.08211
-13.52616 -33.41683 90.08211
-13.81704 -33.7785 90.08211
-14.10875 -34.13948 90.08211
-14.41311 -34.48988 90.08211
-14.71747 -34.84028 90.08211
-15.02183 -35.19068 90.08211
-15.32619 -35.54108 90.0821
-15.63055 -35.89148 90.0821
-15.93491 -36.24189 90.0821
-16.26021 -36.57186 90.0821
-16.60297 -36.8848 90.0821
-16.94573 -37.19773 90.0821
-17.28849 -37.51067 90.0821
-17.63125 -37.82361 90.0821
Stroke End
-0.8677106 -0.1416669 90.08212
0.09626413 0.0116632 90.08212
1.052965 0.2074709 90.08212
2.009666 0.4032787 90.08212
2.9621 0.6188742 90.08212
3.914465 0.8347847 90.08212
4.866831 1.050695 90.08212
5.822437 1.251377 90.08212
6.780202 1.441915 90.08212
7.737967 1.632453 90.08212
8.69573 1.822991 90.08212
9.649759 2.029763 90.08212
10.59446 2.277052 90.08212
11.53917 2.524341 90.08212
12.48387 2.77163 90.08212
13.41923 3.052137 90.08212
14.35421 3.333958 90.08212
15.28983 3.613413 90.08212
16.23902 3.842895 90.08212
17.18821 4.072377 90.08212
18.13993 4.290154 90.08212
19.09892 4.474476 90.08212
20.05828 4.656747 90.08212
21.02261 4.790394 90.08212
21.99914 4.790396 90.08212
22.15426 3.954075 90.08212
22.00391 2.991705 90.08212
21.77771 2.04173 90.08212
21.54844 1.092496 90.08212
21.31731 0.1437072 90.08212
21.08113 -0.8037288 90.08212
20.80842 -1.741413 90.08212
20.53572 -2.679096 90.08212
20.26577 -3.61757 90.08212
20.00007 -4.557265 90.08212
19.73437 -5.496955 90.08211
19.4568 -6.433003 90.08211
19.1493 -7.359859 90.08211
18.84181 -8.286715 90.08211
18.53226 -9.212884 90.08211
18.21848 -10.13763 90.08211
17.90471 -11.06239 90.08211
17.60539 -11.99131 90.08211
17.37794 -12.94098 90.08211
17.15049 -13.89066 90.08211
16.92303 -14.84033 90.08211
16.70635 -15.79252 90.08211
16.49091 -16.74499 90.08211
16.2915 -17.70043 90.08211
16.15159 -18.66689 90.08211
16.01167 -19.63334 90.08211
15.91588 -20.60499 90.08211
15.82789 -21.57755 90.08211
15.86624 -22.55309 90.08211
15.90866 -23.52869 90.08211
16.03685 -24.49624 90.08211
16.21959 -25.45553 90.08211
16.4687 -26.3966 90.08211
16.91791 -27.26315 90.08211
17.40662 -28.10819 90.0821
17.95046 -28.9168 90.0821
18.58548 -29.65706 90.0821
19.28653 -30.33559 90.0821
20.07271 -30.91484 90.0821
20.87659 -31.46911 90.0821
21.7358 -31.91967 90.0821
22.64657 -32.27197 90.0821
23.59138 -32.50392 90.0821
24.55176 -32.68082 90.0821
25.51646 -32.83086 90.0821
26.4838 -32.96449 90.0821
27.45404 -33.07298 90.0821
28.42647 -33.16254 90.0821
29.40107 -33.20453 90.0821
30.37619 -33.16114 90.0821
31.35067 -33.09779 90.0821
32.32514 -33.03443 90.0821
33.2902 -32.89064 90.0821
34.25242 -32.72408 90.0821
35.21357 -32.55227 90.0821
36.15981 -32.31094 90.0821
37.09571 -32.03244 90.0821
38.02493 -31.73835 90.0821
38.69863 -31.07902 90.0821
39.07126 -30.18533 90.0821
39.20736 -29.21839 90.0821
39.35298 -28.25278 90.0821
39.37754 -27.27808 90.0821
39.37754 -26.30155 90.0821
39.34534 -25.32609 90.0821
39.28005 -24.35175 90.0821
39.21475 -23.3774 90.0821
39.15168 -22.4029 90.0821
39.0887 -21.4284 90.08211
39.00151 -20.45637 90.08211
38.86687 -19.48916 90.08211
38.73223 -18.52195 90.08211
38.56295 -17.56028 90.08211
38.39655 -16.59803 90.08211
38.2307 -15.63568 90.08211
Stroke End
