13
metal
125
-16.40387 38.4926 90.08213
-16.64317 38.03921 90.08213
-16.88247 37.58582 90.08213
-17.11454 37.12873 90.08213
-17.34143 36.66901 90.08213
-17.56832 36.20927 90.08213
-17.79521 35.74955 90.08213
-18.0223 35.28992 90.08213
-18.25017 34.83068 90.08213
-18.47804 34.37143 90.08213
-18.70591 33.91219 90.08213
-18.93378 33.45295 90.08213
-19.16165 32.9937 90.08213
-19.38974 32.53457 90.08213
-19.62227 32.07767 90.08213
-19.85481 31.62077 90.08213
-20.08735 31.16388 90.08213
-20.31354 30.70381 90.08213
-20.5386 30.24319 90.08213
-20.76366 29.78256 90.08213
-20.98872 29.32193 90.08213
-21.21378 28.86131 90.08213
-21.43884 28.40068 90.08212
-21.6639 27.94005 90.08212
-21.88896 27.47942 90.08212
-22.11402 27.0188 90.08212
-22.33908 26.55817 90.08212
-22.57196 26.10145 90.08212
-22.80539 25.64501 90.08212
-23.03882 25.18857 90.08212
-23.27225 24.73212 90.08212
-23.51536 24.28103 90.08212
-23.77794 23.84072 90.08212
-24.04052 23.4004 90.08212
-24.3031 22.96008 90.08212
-24.56569 22.51976 90.08212
-24.82827 22.07944 90.08212
-25.09085 21.63913 90.08212
-25.35343 21.1988 90.08212
-25.61601 20.75849 90.08212
-25.87945 20.31869 90.08212
-26.14622 19.8809 90.08212
-26.413 19.4431 90.08212
-26.67977 19.00531 90.08212
-26.94654 18.56752 90.08212
-27.21331 18.12972 90.08212
-27.48008 17.69193 90.08212
-27.74685 17.25414 90.08212
-28.01362 16.81635 90.08212
-28.2804 16.37855 90.08212
-28.54717 15.94076 90.08212
-28.83068 15.51363 90.08212
-29.11449 15.08669 90.08212
-29.3983 14.65974 90.08212
-29.68212 14.2328 90.08212
-29.96593 13.80586 90.08212
-30.24974 13.37891 90.08212
-30.53355 12.95197 90.08212
-30.81736 12.52503 90.08212
-31.10117 12.09809 90.08212
-31.38498 11.67114 90.08212
-31.67768 11.25038 90.08212
-31.97925 10.83579 90.08212
-32.28082 10.4212 90.08212
-32.58239 10.00661 90.08212
-32.88395 9.592014 90.08212
-33.18552 9.177423 90.08212
-33.48709 8.762833 90.08212
-33.78866 8.348242 90.08212
-34.09023 7.933651 90.08212
-34.3918 7.51906 90.08212
-34.69336 7.104469 90.08212
-34.99321 6.688643 90.08212
-35.28825 6.269385 90.08212
-35.5833 5.850129 90.08212
-35.87835 5.430869 90.08212
-36.1734 5.011611 90.08212
-36.46844 4.592354 90.08212
-36.76349 4.173098 90.08212
-37.05854 3.75384 90.08212
-37.35358 3.334584 90.08212
-37.64863 2.915326 90.08212
-37.95045 2.501016 90.08212
-38.26016 2.09247 90.08212
-38.56987 1.683925 90.08212
-38.87957 1.275379 90.08212
-39.18929 0.8668329 90.08212
-39.49899 0.458287 90.08212
-39.8087 0.0497412 90.08212
-40.11841 -0.3588048 90.08212
-40.43015 -0.7657728 90.08212
-40.7505 -1.166022 90.08212
-41.07086 -1.566271 90.08212
-41.39122 -1.96652 90.08212
-41.71158 -2.366769 90.08212
-42.03194 -2.767018 90.08212
-42.35127 -3.168083 90.08212
-42.66762 -3.57151 90.08212
-42.98397 -3.974934 90.08212
-43.30033 -4.378358 90.08212
Stroke End
-16.23859 33.1039 90.08213
-16.12885 32.95835 90.08213
-16.01911 32.81281 90.08213
-15.90937 32.66726 90.08213
-15.79487 32.52589 90.08213
-15.66484 32.39815 90.08213
-15.53481 32.27041 90.08213
-15.40477 32.14266 90.08213
-15.27474 32.01492 90.08213
-15.14471 31.88718 90.08213
-15.01468 31.75943 90.08213
-14.88465 31.63169 90.08213
-14.75462 31.50395 90.08213
-14.62459 31.3762 90.08213
-14.49456 31.24846 90.08213
-14.36452 31.12072 90.08213
-14.22529 31.00328 90.08213
-14.08368 30.88851 90.08213
-13.94207 30.77374 90.08213
-13.80046 30.65896 90.08213
-13.65885 30.54418 90.08213
-13.51724 30.42941 90.08213
-13.37563 30.31463 90.08213
-13.23402 30.19986 90.08213
-13.09209 30.08551 90.08213
-12.94276 29.98098 90.08213
-12.79342 29.87646 90.08213
-12.64409 29.77193 90.08213
-12.49476 29.6674 90.08213
-12.34542 29.56287 90.08213
-12.19609 29.45835 90.08213
-12.04676 29.35382 90.08213
-11.89742 29.24929 90.08213
-11.74809 29.14476 90.08212
-11.59876 29.04023 90.08212
-11.44942 28.93571 90.08212
-11.30009 28.83118 90.08212
-11.15076 28.72665 90.08212
-11.00142 28.62212 90.08212
-10.85209 28.5176 90.08212
-10.70276 28.41307 90.08212
-10.55314 28.30895 90.08212
-10.40316 28.20535 90.08212
-10.25318 28.10175 90.08212
-10.1032 27.99815 90.08212
-9.953225 27.89455 90.08212
-9.803246 27.79095 90.08212
-9.653268 27.68735 90.08212
-9.503289 27.58375 90.08212
-9.353311 27.48015 90.08212
-9.203331 27.37655 90.08212
-9.053352 27.27295 90.08212
-8.903374 27.16935 90.08212
-8.753395 27.06575 90.08212
-8.604367 26.96084 90.08212
-8.458792 26.85114 90.08212
-8.313216 26.74144 90.08212
-8.16764 26.63173 90.08212
-8.022064 26.52204 90.08212
-7.876488 26.41233 90.08212
-7.730913 26.30263 90.08212
-7.585338 26.19293 90.08212
-7.439762 26.08323 90.08212
-7.294186 25.97353 90.08212
-7.148611 25.86383 90.08212
-7.003035 25.75413 90.08212
-6.857459 25.64443 90.08212
-6.716504 25.52894 90.08212
-6.577283 25.41128 90.08212
-6.438063 25.29362 90.08212
-6.298841 25.17596 90.08212
-6.159621 25.0583 90.08212
-6.0204 24.94064 90.08212
-5.881179 24.82298 90.08212
-5.741958 24.70532 90.08212
-5.602737 24.58766 90.08212
-5.463517 24.47 90.08212
-5.331691 24.34437 90.08212
-5.204095 24.2142 90.08212
-5.076499 24.08402 90.08212
-4.948903 23.95385 90.08212
-4.821306 23.82367 90.08212
-4.693711 23.69349 90.08212
-4.566114 23.56332 90.08212
-4.438519 23.43314 90.08212
-4.314789 23.29964 90.08212
-4.205049 23.15409 90.08212
-4.095308 23.00855 90.08212
-3.985568 22.863 90.08212
-3.875827 22.71746 90.08212
-3.766087 22.57191 90.08212
-3.656346 22.42636 90.08212
-3.546606 22.28082 90.08212
-3.44577 22.12915 90.08212
-3.349005 21.97467 90.08212
-3.252241 21.82019 90.08212
-3.155476 21.66572 90.08212
-3.058711 21.51124 90.08212
-2.961946 21.35676 90.08212
-2.865182 21.20228 90.08212
Stroke End
-33.09698 11.54908 90.08212
-32.85238 11.54908 90.08212
-32.6079 11.55534 90.08212
-32.36349 11.56499 90.08212
-32.11908 11.57464 90.08212
-31.87467 11.58429 90.08212
-31.63026 11.59393 90.08212
-31.38585 11.60358 90.08212
-31.14144 11.61323 90.08212
-30.89703 11.62288 90.08212
-30.65262 11.63253 90.08212
-30.40832 11.64398 90.08212
-30.1645 11.66358 90.08212
-29.92069 11.68318 90.08212
-29.67687 11.70277 90.08212
-29.43306 11.72237 90.08212
-29.18924 11.74197 90.08212
-28.94543 11.76156 90.08212
-28.70161 11.78116 90.08212
-28.4578 11.80076 90.08212
-28.21398 11.82036 90.08212
-27.97017 11.83995 90.08212
-27.72635 11.85955 90.08212
-27.48254 11.87915 90.08212
-27.23872 11.89874 90.08212
-26.99491 11.91834 90.08212
-26.75109 11.93794 90.08212
-26.50728 11.95754 90.08212
-26.26347 11.97713 90.08212
-26.01965 11.99673 90.08212
-25.77703 12.02633 90.08212
-25.53542 12.06448 90.08212
-25.29381 12.10263 90.08212
-25.0522 12.14077 90.08212
-24.81059 12.17892 90.08212
-24.56899 12.21707 90.08212
-24.32738 12.25522 90.08212
-24.08577 12.29336 90.08212
-23.84416 12.33151 90.08212
-23.60255 12.36966 90.08212
-23.36095 12.4078 90.08212
-23.11934 12.44595 90.08212
-22.87773 12.4841 90.08212
-22.63612 12.52224 90.08212
-22.39451 12.56039 90.08212
-22.15291 12.59854 90.08212
-21.9113 12.63668 90.08212
-21.66969 12.67483 90.08212
-21.42808 12.71298 90.08212
-21.18647 12.75112 90.08212
-20.94487 12.78927 90.08212
-20.70326 12.82742 90.08212
-20.46165 12.86556 90.08212
-20.22004 12.90371 90.08212
-19.97843 12.94186 90.08212
-19.73683 12.98 90.08212
-19.49522 13.01815 90.08212
-19.25361 13.0563 90.08212
-19.012 13.09445 90.08212
-18.77039 13.13259 90.08212
-18.52879 13.17074 90.08212
-18.28811 13.21395 90.08212
-18.04876 13.26434 90.08212
-17.8094 13.31473 90.08212
-17.57005 13.36511 90.08212
-17.33069 13.4155 90.08212
-17.09134 13.46589 90.08212
-16.85198 13.51628 90.08212
-16.61287 13.56777 90.08212
-16.37504 13.62492 90.08212
-16.13721 13.68206 90.08212
-15.89938 13.73921 90.08212
-15.66155 13.79636 90.08212
-15.42372 13.8535 90.08212
-15.18588 13.91065 90.08212
-14.94805 13.9678 90.08212
-14.71052 14.0261 90.08212
-14.47441 14.09001 90.08212
-14.23831 14.15391 90.08212
-14.0022 14.21781 90.08212
-13.76609 14.28172 90.08212
-13.52999 14.34562 90.08212
-13.29388 14.40953 90.08212
-13.05778 14.47343 90.08212
-12.82167 14.53733 90.08212
-12.58556 14.60124 90.08212
-12.34946 14.66514 90.08212
-12.11335 14.72904 90.08212
-11.87725 14.79295 90.08212
-11.64114 14.85685 90.08212
-11.40504 14.92075 90.08212
-11.16893 14.98466 90.08212
-10.93283 15.04856 90.08212
-10.69678 15.11267 90.08212
-10.46353 15.18633 90.08212
-10.23028 15.25998 90.08212
-9.997036 15.33364 90.08212
-9.763789 15.4073 90.08212
-9.530095 15.47915 90.08212
-9.289541 15.52347 90.08212
Stroke End
-36.07198 -4.708341 90.08212
-35.77842 -4.659674 90.08212
-35.48486 -4.611008 90.08212
-35.1913 -4.562341 90.08212
-34.89774 -4.513675 90.08212
-34.60418 -4.465008 90.08212
-34.31185 -4.410073 90.08212
-34.02161 -4.344459 90.08212
-33.73137 -4.278845 90.08212
-33.44112 -4.213232 90.08212
-33.15088 -4.147618 90.08212
-32.86064 -4.082004 90.08212
-32.5704 -4.01639 90.08212
-32.28016 -3.950776 90.08212
-31.98991 -3.885162 90.08212
-31.69967 -3.819549 90.08212
-31.40943 -3.753935 90.08212
-31.11918 -3.688321 90.08212
-30.82894 -3.622707 90.08212
-30.54091 -3.548104 90.08212
-30.25329 -3.471814 90.08212
-29.96567 -3.395524 90.08212
-29.67805 -3.319233 90.08212
-29.39042 -3.242943 90.08212
-29.1028 -3.166653 90.08212
-28.81518 -3.090363 90.08212
-28.52809 -3.012123 90.08212
-28.24127 -2.932875 90.08212
-27.95445 -2.853626 90.08212
-27.66763 -2.774377 90.08212
-27.38081 -2.695128 90.08212
-27.09399 -2.615879 90.08212
-26.80717 -2.53663 90.08212
-26.52035 -2.457381 90.08212
-26.23353 -2.378132 90.08212
-25.94671 -2.298883 90.08212
-25.65989 -2.219635 90.08212
-25.37307 -2.140386 90.08212
-25.08625 -2.061137 90.08212
-24.79943 -1.981888 90.08212
-24.51262 -1.902639 90.08212
-24.22654 -1.820782 90.08212
-23.94081 -1.737679 90.08212
-23.65508 -1.654576 90.08212
-23.36936 -1.571473 90.08212
-23.08363 -1.48837 90.08212
-22.7979 -1.405267 90.08212
-22.51218 -1.322164 90.08212
-22.22645 -1.239061 90.08212
-21.94072 -1.155958 90.08212
-21.655 -1.072855 90.08212
-21.36927 -0.9897517 90.08212
-21.08354 -0.9066487 90.08212
-20.79782 -0.8235454 90.08212
-20.51209 -0.7404426 90.08212
-20.22636 -0.6573393 90.08212
-19.94064 -0.574236 90.08212
-19.65507 -0.4906037 90.08212
-19.37016 -0.4047258 90.08212
-19.08526 -0.3188484 90.08212
-18.80035 -0.2329705 90.08212
-18.51545 -0.1470931 90.08212
-18.23054 -0.06121515 90.08212
-17.94564 0.02466221 90.08212
-17.66073 0.1105401 90.08212
-17.37583 0.1964181 90.08212
-17.09092 0.2822954 90.08212
-16.80602 0.3681734 90.08212
-16.52111 0.4540508 90.08212
-16.23621 0.5399287 90.08212
-15.94941 0.6187986 90.08212
-15.66007 0.6883144 90.08212
-15.37074 0.7578297 90.08212
-15.08141 0.8273454 90.08212
-14.79207 0.8968612 90.08212
-14.50274 0.9663765 90.08212
-14.21341 1.035892 90.08212
-13.92408 1.105408 90.08212
-13.63474 1.174923 90.08212
-13.34541 1.244439 90.08212
-13.05608 1.313954 90.08212
-12.76674 1.38347 90.08212
-12.47741 1.452985 90.08212
-12.18881 1.525321 90.08212
-11.90199 1.604569 90.08212
-11.61517 1.683817 90.08212
-11.32835 1.763065 90.08212
-11.04153 1.842313 90.08212
-10.75471 1.921561 90.08212
-10.46789 2.000808 90.08212
-10.18107 2.080056 90.08212
-9.894249 2.159305 90.08212
-9.60743 2.238559 90.08212
-9.320613 2.317813 90.08212
-9.033793 2.397067 90.08212
-8.746976 2.47632 90.08212
-8.458834 2.550501 90.08212
-8.169853 2.621471 90.08212
-7.881076 2.69316 90.08212
-7.597321 2.782764 90.08212
Stroke End
-19.37888 8.443721 90.08212
-19.37888 8.090871 90.08212
-19.33961 7.741136 90.08212
-19.28398 7.3927 90.08212
-19.22835 7.044263 90.08212
-19.17271 6.695827 90.08212
-19.12352 6.346604 90.08212
-19.0937 5.995017 90.08212
-19.06387 5.643429 90.08212
-19.03405 5.291842 90.08212
-19.00422 4.940255 90.08212
-18.9744 4.588667 90.08212
-18.94458 4.237081 90.08212
-18.91475 3.885493 90.08212
-18.88493 3.533906 90.08212
-18.86915 3.181428 90.08212
-18.85431 2.82889 90.08212
-18.83948 2.476352 90.08212
-18.82464 2.123814 90.08212
-18.8098 1.771276 90.08212
-18.79497 1.418738 90.08212
-18.78013 1.0662 90.08212
-18.7653 0.7136623 90.08212
-18.75046 0.3611248 90.08212
-18.73562 0.008586955 90.08212
-18.72079 -0.3439509 90.08212
-18.71777 -0.6967375 90.08212
-18.71777 -1.049587 90.08212
-18.71777 -1.402437 90.08212
-18.71777 -1.755287 90.08212
-18.71777 -2.108137 90.08212
-18.71777 -2.460987 90.08212
-18.71777 -2.813837 90.08212
-18.73795 -3.165972 90.08212
-18.76292 -3.517937 90.08212
-18.7879 -3.869902 90.08212
-18.81288 -4.221867 90.08212
-18.83785 -4.573832 90.08212
-18.86283 -4.925797 90.08212
-18.88781 -5.277761 90.08212
-18.91278 -5.629726 90.08212
-18.93776 -5.981691 90.08212
-18.96274 -6.333656 90.08212
-18.98771 -6.685621 90.08212
-19.01269 -7.037586 90.08212
-19.03767 -7.389551 90.08212
-19.06293 -7.741495 90.08212
-19.0884 -8.093424 90.08212
-19.11388 -8.445353 90.08212
-19.13935 -8.797282 90.08212
-19.16483 -9.149212 90.08212
-19.1903 -9.501141 90.08212
-19.21577 -9.85307 90.08212
-19.24125 -10.205 90.08212
-19.26672 -10.55693 90.08212
-19.2922 -10.90886 90.08212
-19.31767 -11.26079 90.08212
-19.34315 -11.61272 90.08212
-19.36862 -11.96465 90.08212
-19.39409 -12.31658 90.08212
-19.41957 -12.6685 90.08212
-19.44504 -13.02043 90.08212
-19.47052 -13.37236 90.08212
-19.49599 -13.72429 90.08212
-19.52147 -14.07622 90.08212
-19.5499 -14.42782 90.08212
-19.60251 -14.77672 90.08212
-19.65513 -15.12563 90.08212
-19.70774 -15.47453 90.08212
-19.76036 -15.82344 90.08212
-19.81297 -16.17234 90.08212
-19.86559 -16.52125 90.08211
-19.9182 -16.87016 90.08211
-19.97082 -17.21906 90.08211
-20.02343 -17.56796 90.08211
-20.07605 -17.91687 90.08211
-20.1302 -18.26551 90.08211
-20.19623 -18.61213 90.08211
-20.26225 -18.95875 90.08211
-20.32828 -19.30537 90.08211
-20.3943 -19.65198 90.08211
-20.45957 -19.99874 90.08211
-20.51859 -20.34662 90.08211
-20.57761 -20.6945 90.08211
-20.63663 -21.04238 90.08211
-20.69564 -21.39025 90.08211
-20.75466 -21.73813 90.08211
-20.81368 -22.08601 90.08211
-20.8727 -22.43389 90.08211
-20.93172 -22.78177 90.08211
-20.97825 -23.13144 90.08211
-21.01961 -23.48186 90.08211
-21.06096 -23.83228 90.08211
-21.10232 -24.1827 90.08211
-21.14367 -24.53312 90.08211
-21.18503 -24.88354 90.08211
-21.2344 -25.23288 90.08211
-21.28702 -25.58178 90.08211
-21.33963 -25.93069 90.08211
-21.39225 -26.27959 90.08211
Stroke End
-33.75809 -9.366376 90.08212
-33.64771 -9.51548 90.08212
-33.53733 -9.664584 90.08212
-33.42695 -9.813688 90.08212
-33.31657 -9.962793 90.08212
-33.20619 -10.1119 90.08212
-33.09581 -10.261 90.08212
-32.98877 -10.41237 90.08212
-32.89111 -10.5701 90.08212
-32.79346 -10.72784 90.08212
-32.69582 -10.88557 90.08212
-32.59817 -11.04331 90.08212
-32.50051 -11.20104 90.08212
-32.40287 -11.35878 90.08212
-32.30522 -11.51651 90.08212
-32.20757 -11.67424 90.08212
-32.10992 -11.83198 90.08212
-32.01227 -11.98971 90.08212
-31.9144 -12.14731 90.08212
-31.81592 -12.30453 90.08212
-31.71744 -12.46175 90.08212
-31.61896 -12.61896 90.08212
-31.52048 -12.77618 90.08212
-31.422 -12.9334 90.08212
-31.32351 -13.09061 90.08212
-31.22503 -13.24783 90.08212
-31.12655 -13.40505 90.08212
-31.02807 -13.56226 90.08212
-30.92959 -13.71948 90.08212
-30.8311 -13.8767 90.08212
-30.73262 -14.03391 90.08212
-30.63414 -14.19113 90.08212
-30.53566 -14.34835 90.08212
-30.43596 -14.50476 90.08212
-30.32966 -14.6568 90.08212
-30.22336 -14.80884 90.08212
-30.11706 -14.96088 90.08212
-30.01076 -15.11292 90.08212
-29.90446 -15.26495 90.08212
-29.79816 -15.417 90.08212
-29.69186 -15.56903 90.08212
-29.58556 -15.72107 90.08212
-29.47926 -15.87311 90.08212
-29.37296 -16.02515 90.08212
-29.26666 -16.17719 90.08212
-29.16036 -16.32923 90.08212
-29.05406 -16.48127 90.08212
-28.92196 -16.61123 90.08212
-28.7882 -16.73978 90.08212
-28.65444 -16.86833 90.08212
-28.52069 -16.99688 90.08212
-28.38693 -17.12543 90.08212
-28.25317 -17.25397 90.08212
-28.11941 -17.38252 90.08212
-27.98566 -17.51107 90.08211
-27.8519 -17.63962 90.08211
-27.71814 -17.76817 90.08211
-27.58438 -17.89672 90.08211
-27.45063 -18.02526 90.08211
-27.31687 -18.15381 90.08211
-27.18311 -18.28236 90.08211
-27.04965 -18.41121 90.08211
-26.91629 -18.54018 90.08211
-26.78293 -18.66914 90.08211
-26.64958 -18.79811 90.08211
-26.51622 -18.92707 90.08211
-26.38005 -19.05304 90.08211
-26.24305 -19.17812 90.08211
-26.10604 -19.30321 90.08211
-25.96904 -19.42829 90.08211
-25.83204 -19.55337 90.08211
-25.69503 -19.67846 90.08211
-25.55803 -19.80354 90.08211
-25.42103 -19.92862 90.08211
-25.28403 -20.05371 90.08211
-25.14702 -20.17879 90.08211
-25.01002 -20.30387 90.08211
-24.87302 -20.42896 90.08211
-24.73601 -20.55404 90.08211
-24.59901 -20.67912 90.08211
-24.44952 -20.78877 90.08211
-24.29862 -20.89669 90.08211
-24.14772 -21.0046 90.08211
-23.99682 -21.11251 90.08211
-23.84592 -21.22043 90.08211
-23.69503 -21.32834 90.08211
-23.54413 -21.43626 90.08211
-23.39323 -21.54417 90.08211
-23.24233 -21.65208 90.08211
-23.08371 -21.7475 90.08211
-22.9197 -21.8342 90.08211
-22.75569 -21.92089 90.08211
-22.59168 -22.00759 90.08211
-22.42767 -22.09428 90.08211
-22.26365 -22.18098 90.08211
-22.09964 -22.26767 90.08211
-21.93563 -22.35437 90.08211
-21.77162 -22.44106 90.08211
-21.60761 -22.52776 90.08211
-21.4436 -22.61445 90.08211
Stroke End
-4.255919 -5.439017 90.08212
-4.397569 -5.637317 90.08212
-4.539219 -5.835617 90.08212
-4.680869 -6.033917 90.08212
-4.822519 -6.232217 90.08212
-4.964169 -6.430517 90.08212
-5.105818 -6.628817 90.08212
-5.247468 -6.827117 90.08212
-5.389118 -7.025417 90.08212
-5.530312 -7.22404 90.08212
-5.670127 -7.423637 90.08212
-5.809943 -7.623235 90.08212
-5.949759 -7.822833 90.08212
-6.089574 -8.02243 90.08212
-6.22939 -8.222028 90.08212
-6.369205 -8.421625 90.08212
-6.509021 -8.621222 90.08212
-6.648836 -8.82082 90.08212
-6.788652 -9.020418 90.08212
-6.928468 -9.220016 90.08212
-7.068283 -9.419613 90.08212
-7.208099 -9.61921 90.08212
-7.347915 -9.818809 90.08212
-7.488018 -10.0182 90.08212
-7.632363 -10.21455 90.08212
-7.776708 -10.41089 90.08212
-7.921053 -10.60724 90.08212
-8.065398 -10.80359 90.08212
-8.209743 -10.99993 90.08212
-8.354088 -11.19628 90.08212
-8.498432 -11.39263 90.08212
-8.653605 -11.58022 90.08212
-8.815391 -11.76246 90.08212
-8.977175 -11.94471 90.08212
-9.138959 -12.12695 90.08212
-9.300744 -12.3092 90.08212
-9.462528 -12.49144 90.08212
-9.624313 -12.67369 90.08212
-9.786098 -12.85594 90.08212
-9.947882 -13.03818 90.08212
-10.10967 -13.22043 90.08212
-10.27145 -13.40267 90.08212
-10.43324 -13.58492 90.08212
-10.59502 -13.76716 90.08212
-10.7568 -13.94941 90.08211
-10.91859 -14.13165 90.08211
-11.08037 -14.3139 90.08211
-11.24216 -14.49614 90.08211
-11.40394 -14.67839 90.08211
-11.56573 -14.86063 90.08211
-11.72751 -15.04288 90.08211
-11.8893 -15.22512 90.08211
-12.05108 -15.40737 90.08211
-12.21287 -15.58961 90.08211
-12.37465 -15.77186 90.08211
-12.53644 -15.9541 90.08211
-12.69822 -16.13635 90.08211
-12.86038 -16.31825 90.08211
-13.02845 -16.49472 90.08211
-13.19652 -16.67118 90.08211
-13.36459 -16.84765 90.08211
-13.53266 -17.02411 90.08211
-13.70073 -17.20058 90.08211
-13.8688 -17.37704 90.08211
-14.03687 -17.55351 90.08211
-14.20494 -17.72997 90.08211
-14.37301 -17.90644 90.08211
-14.54108 -18.0829 90.08211
-14.70915 -18.25937 90.08211
-14.87722 -18.43583 90.08211
-15.04529 -18.6123 90.08211
-15.21336 -18.78876 90.08211
-15.38143 -18.96523 90.08211
-15.5495 -19.14169 90.08211
-15.71758 -19.31816 90.08211
-15.88564 -19.49462 90.08211
-16.05371 -19.67109 90.08211
-16.22897 -19.83992 90.08211
-16.41538 -19.99689 90.08211
-16.60178 -20.15386 90.08211
-16.78819 -20.31083 90.08211
-16.9746 -20.4678 90.08211
-17.16101 -20.62477 90.08211
-17.34742 -20.78174 90.08211
-17.53383 -20.93871 90.08211
-17.72023 -21.09568 90.08211
-17.90627 -21.25307 90.08211
-18.0882 -21.41522 90.08211
-18.27012 -21.57737 90.08211
-18.45204 -21.73951 90.08211
-18.63396 -21.90166 90.08211
-18.81589 -22.06381 90.08211
-18.99781 -22.22595 90.08211
-19.17973 -22.3881 90.08211
-19.36166 -22.55025 90.08211
-19.54358 -22.7124 90.08211
-19.7255 -22.87454 90.08211
-19.90742 -23.03669 90.08211
-20.08935 -23.19884 90.08211
-20.27127 -23.36098 90.08211
Stroke End
-38.96436 -29.18584 90.08211
-38.58205 -29.03887 90.08211
-38.19973 -28.8919 90.08211
-37.81742 -28.74493 90.08211
-37.43511 -28.59796 90.08211
-37.05261 -28.4515 90.08211
-36.66383 -28.32259 90.08211
-36.27505 -28.19369 90.08211
-35.88628 -28.06479 90.08211
-35.4975 -27.93588 90.08211
-35.10872 -27.80698 90.08211
-34.71994 -27.67807 90.08211
-34.33116 -27.54917 90.08211
-33.94238 -27.42027 90.08211
-33.5536 -27.29136 90.08211
-33.16483 -27.16246 90.08211
-32.78009 -27.02268 90.08211
-32.40139 -26.86662 90.08211
-32.0227 -26.71055 90.08211
-31.64401 -26.55448 90.08211
-31.26532 -26.39842 90.08211
-30.88662 -26.24235 90.08211
-30.50793 -26.08629 90.08211
-30.12924 -25.93022 90.08211
-29.75055 -25.77416 90.08211
-29.37185 -25.61809 90.08211
-28.99316 -25.46203 90.08211
-28.61447 -25.30596 90.08211
-28.23577 -25.1499 90.08211
-27.85411 -25.00144 90.08211
-27.46977 -24.85984 90.08211
-27.08544 -24.71825 90.08211
-26.7011 -24.57666 90.08211
-26.31676 -24.43507 90.08211
-25.93242 -24.29348 90.08211
-25.54808 -24.15189 90.08211
-25.16374 -24.0103 90.08211
-24.7794 -23.86871 90.08211
-24.39506 -23.72711 90.08211
-24.01072 -23.58552 90.08211
-23.62638 -23.44393 90.08211
-23.24204 -23.30234 90.08211
-22.85771 -23.16075 90.08211
-22.47337 -23.01916 90.08211
-22.08854 -22.87891 90.08211
-21.70348 -22.73927 90.08211
-21.31843 -22.59963 90.08211
-20.93338 -22.45999 90.08211
-20.54832 -22.32035 90.08211
-20.16327 -22.18071 90.08211
-19.77822 -22.04107 90.08211
-19.39317 -21.90144 90.08211
-19.00812 -21.7618 90.08211
-18.62306 -21.62216 90.08211
-18.23801 -21.48252 90.08211
-17.85296 -21.34288 90.08211
-17.4679 -21.20324 90.08211
-17.08285 -21.0636 90.08211
-16.68888 -20.95174 90.08211
-16.29448 -20.84123 90.08211
-15.90008 -20.73072 90.08211
-15.50568 -20.62021 90.08211
-15.11128 -20.5097 90.08211
-14.71688 -20.39919 90.08211
-14.32247 -20.28869 90.08211
-13.92807 -20.17818 90.08211
-13.53367 -20.06767 90.08211
-13.13927 -19.95716 90.08211
-12.74487 -19.84665 90.08211
-12.35047 -19.73614 90.08211
-11.95607 -19.62564 90.08211
-11.56166 -19.51513 90.08211
-11.16737 -19.40425 90.08211
-10.77432 -19.289 90.08211
-10.38128 -19.17375 90.08211
-9.98824 -19.0585 90.08211
-9.595197 -18.94325 90.08211
-9.202155 -18.82801 90.08211
-8.809112 -18.71276 90.08211
-8.41607 -18.59751 90.08211
-8.023027 -18.48226 90.08211
-7.629984 -18.36701 90.08211
-7.236944 -18.25176 90.08211
-6.844259 -18.1353 90.08211
-6.451678 -18.01849 90.08211
-6.059096 -17.90167 90.08211
-5.666515 -17.78486 90.08211
-5.273938 -17.66805 90.08211
-4.882222 -17.54845 90.08211
-4.492512 -17.42238 90.08211
-4.102802 -17.29632 90.08211
-3.713096 -17.17026 90.08211
-3.323387 -17.0442 90.08211
-2.933677 -16.91813 90.08211
-2.543967 -16.79207 90.08211
-2.154261 -16.66601 90.08211
-1.764551 -16.53995 90.08211
-1.374312 -16.41554 90.08211
-0.9837298 -16.29221 90.08211
-0.5931476 -16.16888 90.08211
Stroke End
0.4545105 22.23515 90.08212
0.4695943 21.9851 90.08212
0.4846781 21.73505 90.08212
0.499762 21.485 90.08212
0.5148458 21.23495 90.08212
0.5299296 20.9849 90.08212
0.5469678 20.73499 90.08212
0.5658024 20.48519 90.08212
0.584637 20.2354 90.08212
0.6034716 19.9856 90.08212
0.6230471 19.73587 90.08212
0.6474338 19.48656 90.08212
0.6718205 19.23724 90.08212
0.6962072 18.98793 90.08212
0.7205939 18.73862 90.08212
0.7449806 18.4893 90.08212
0.7693672 18.23999 90.08212
0.7937539 17.99067 90.08212
0.8181406 17.74136 90.08212
0.8425273 17.49205 90.08212
0.866914 17.24273 90.08212
0.8913007 16.99342 90.08212
0.9156873 16.7441 90.08212
0.9400741 16.49479 90.08212
0.9576249 16.24497 90.08212
0.9702014 15.99478 90.08212
0.9827779 15.74459 90.08212
0.9953544 15.49441 90.08212
1.007931 15.24422 90.08212
1.020507 14.99403 90.08212
1.033084 14.74384 90.08212
1.04566 14.49366 90.08212
1.058237 14.24347 90.08212
1.070813 13.99328 90.08212
1.08339 13.74309 90.08212
1.095966 13.4929 90.08212
1.108543 13.24272 90.08212
1.125246 12.99281 90.08212
1.147273 12.74328 90.08212
1.1693 12.49375 90.08212
1.191327 12.24421 90.08212
1.213354 11.99468 90.08212
1.23538 11.74515 90.08212
1.257407 11.49561 90.08212
1.279434 11.24608 90.08212
1.301461 10.99655 90.08212
1.323488 10.74701 90.08212
1.345515 10.49748 90.08212
1.367542 10.24795 90.08212
1.389568 9.998413 90.08212
1.411595 9.74888 90.08212
1.433622 9.499346 90.08212
1.455008 9.249758 90.08212
1.475544 9.000097 90.08212
1.49608 8.750437 90.08212
1.516616 8.500776 90.08212
1.537152 8.251117 90.08212
1.557688 8.001455 90.08212
1.578224 7.751795 90.08212
1.59876 7.502134 90.08212
1.619296 7.252474 90.08212
1.639832 7.002813 90.08212
1.660368 6.753152 90.08212
1.680904 6.503492 90.08212
1.699677 6.253704 90.08212
1.715278 6.003686 90.08212
1.730879 5.753669 90.08212
1.746481 5.503652 90.08212
1.762082 5.253635 90.08212
1.777683 5.003618 90.08212
1.793285 4.753599 90.08212
1.808886 4.503582 90.08212
1.824488 4.253564 90.08212
1.840089 4.003547 90.08212
1.85569 3.75353 90.08212
1.871292 3.503513 90.08212
1.886893 3.253495 90.08212
1.902494 3.003478 90.08212
1.918095 2.753461 90.08212
1.933696 2.503444 90.08212
1.949297 2.253425 90.08212
1.964898 2.003407 90.08212
1.980499 1.75339 90.08212
1.9961 1.503373 90.08212
2.011701 1.253356 90.08212
2.028303 1.003413 90.08212
2.049809 0.7538339 90.08212
2.071315 0.5042552 90.08212
2.092821 0.2546765 90.08212
2.114328 0.005097816 90.08212
2.135834 -0.2444809 90.08212
2.157341 -0.4940615 90.08212
2.178847 -0.7436402 90.08212
2.213031 -0.9914486 90.08212
2.260712 -1.237373 90.08212
2.308392 -1.483297 90.08212
2.356073 -1.729221 90.08212
2.403753 -1.975145 90.08212
2.458457 -2.219333 90.08212
2.530792 -2.459166 90.08212
Stroke End
0.4545105 24.15315 90.08212
1.176924 24.17685 90.08212
1.891656 24.2945 90.08212
2.606388 24.41215 90.08212
3.32112 24.5298 90.08212
4.035851 24.64745 90.08212
4.750584 24.7651 90.08212
5.464204 24.88926 90.08212
6.177487 25.01539 90.08212
6.890771 25.14153 90.08212
7.599333 25.29164 90.08212
8.307196 25.44531 90.08212
9.015057 25.59899 90.08212
9.722919 25.75266 90.08212
10.43078 25.90633 90.08212
11.13864 26.06 90.08212
11.84691 26.21174 90.08212
12.55601 26.35961 90.08212
13.26511 26.50748 90.08212
13.97421 26.65535 90.08212
14.6833 26.80322 90.08212
15.3924 26.95109 90.08212
16.10239 27.09414 90.08212
16.81722 27.21118 90.08212
17.53205 27.32822 90.08212
18.24689 27.44527 90.08212
18.96172 27.56231 90.08212
19.67655 27.67935 90.08212
20.39138 27.7964 90.08212
21.10147 27.9392 90.08212
21.81111 28.08444 90.08212
22.52075 28.22968 90.08212
23.23169 28.36837 90.08212
23.94302 28.5051 90.08212
24.65434 28.64183 90.08212
25.36567 28.77855 90.08212
26.077 28.91528 90.08212
26.78964 29.04474 90.08212
27.50404 29.16438 90.08212
28.21844 29.28401 90.08212
28.93285 29.40364 90.08212
29.65045 29.50057 90.08212
30.37011 29.58285 90.08212
31.08977 29.66512 90.08212
31.81052 29.7338 90.08212
32.53411 29.76712 90.08212
33.25769 29.80044 90.08212
33.98169 29.81588 90.08212
34.70604 29.81588 90.08212
35.42323 29.73749 90.08212
36.13115 29.58843 90.08212
36.82463 29.3796 90.08212
37.34445 28.93938 90.08212
37.66849 28.30022 90.08212
37.79748 27.58745 90.08212
37.90681 26.8721 90.08212
37.96619 26.15019 90.08212
37.94424 25.42673 90.08212
37.9123 24.70308 90.08212
37.88037 23.97944 90.08212
37.84843 23.25579 90.08212
37.81649 22.53215 90.08212
37.74532 21.81173 90.08212
37.65856 21.09259 90.08212
37.54847 20.37675 90.08212
37.43294 19.66167 90.08212
37.3174 18.94659 90.08212
37.20186 18.23152 90.08212
37.08633 17.51644 90.08212
36.97079 16.80136 90.08212
36.85525 16.08629 90.08212
36.72655 15.37353 90.08212
36.591 14.66197 90.08212
36.44234 13.95349 90.08212
36.247 13.25598 90.08212
36.05166 12.55847 90.08212
35.85632 11.86096 90.08212
35.66098 11.16344 90.08212
35.46564 10.46593 90.08212
35.26409 9.770195 90.08212
35.06013 9.075153 90.08212
34.85617 8.380112 90.08212
34.65221 7.685071 90.08212
34.44825 6.990029 90.08212
34.17006 6.321997 90.08212
33.87956 5.658454 90.08212
33.58905 4.994912 90.08212
33.29855 4.331369 90.08212
33.03975 3.655423 90.08212
32.80293 2.970882 90.08212
32.56612 2.28633 90.08212
32.3293 1.601786 90.08212
32.09221 0.917335 90.08212
31.85046 0.2345193 90.08212
31.6087 -0.4482964 90.08212
31.36694 -1.131112 90.08212
31.06964 -1.791576 90.08212
30.76918 -2.450592 90.08212
30.42359 -3.08718 90.08211
30.08582 -3.727916 90.08211
Stroke End
2.107291 10.08774 90.08212
2.382051 10.15376 90.08212
2.65681 10.21977 90.08212
2.93157 10.28579 90.08212
3.206329 10.3518 90.08212
3.481089 10.41782 90.08212
3.755849 10.48383 90.08212
4.030935 10.54824 90.08212
4.309661 10.59474 90.08212
4.588388 10.64124 90.08212
4.867115 10.68774 90.08212
5.145842 10.73424 90.08212
5.424569 10.78073 90.08212
5.703296 10.82723 90.08212
5.982023 10.87373 90.08212
6.26075 10.92023 90.08212
6.539477 10.96673 90.08212
6.818204 11.01323 90.08212
7.096931 11.05972 90.08212
7.375658 11.10622 90.08212
7.654385 11.15272 90.08212
7.933112 11.19922 90.08212
8.211839 11.24572 90.08212
8.49143 11.28582 90.08212
8.772504 11.31494 90.08212
9.053578 11.34406 90.08212
9.334653 11.37318 90.08212
9.615726 11.40231 90.08212
9.896801 11.43143 90.08212
10.17787 11.46055 90.08212
10.45895 11.48967 90.08212
10.74002 11.5188 90.08212
11.0211 11.54792 90.08212
11.30197 11.57889 90.08212
11.58284 11.60993 90.08212
11.86371 11.64097 90.08212
12.14458 11.67201 90.08212
12.42545 11.70306 90.08212
12.70632 11.7341 90.08212
12.98719 11.76514 90.08212
13.26805 11.79618 90.08212
13.54892 11.82723 90.08212
13.82979 11.85827 90.08212
14.11066 11.88931 90.08212
14.39153 11.92035 90.08212
14.6724 11.9514 90.08212
14.95327 11.98244 90.08212
15.23413 12.01348 90.08212
15.515 12.04452 90.08212
15.79587 12.07557 90.08212
16.07703 12.10346 90.08212
16.35884 12.12422 90.08212
16.64066 12.14499 90.08212
16.92247 12.16575 90.08212
17.20429 12.18651 90.08212
17.4861 12.20728 90.08212
17.76792 12.22804 90.08212
18.04973 12.24881 90.08212
18.33155 12.26957 90.08212
18.61337 12.29033 90.08212
18.89518 12.3111 90.08212
19.17699 12.33186 90.08212
19.45881 12.35262 90.08212
19.74062 12.37339 90.08212
20.02244 12.39415 90.08212
20.30425 12.41492 90.08212
20.58607 12.43568 90.08212
20.86788 12.45644 90.08212
21.15005 12.47131 90.08212
21.43235 12.48379 90.08212
21.71465 12.49627 90.08212
21.99696 12.50875 90.08212
22.27926 12.52123 90.08212
22.56156 12.53371 90.08212
22.84387 12.54619 90.08212
23.12617 12.55866 90.08212
23.40847 12.57114 90.08212
23.69077 12.58362 90.08212
23.97308 12.5961 90.08212
24.25538 12.60858 90.08212
24.53768 12.62106 90.08212
24.81999 12.63354 90.08212
25.10225 12.64665 90.08212
25.38407 12.66741 90.08212
25.66588 12.68818 90.08212
25.9477 12.70895 90.08212
26.22951 12.72971 90.08212
26.51133 12.75048 90.08212
26.79314 12.77125 90.08212
27.07496 12.79201 90.08212
27.35677 12.81278 90.08212
27.6388 12.82777 90.08212
27.92138 12.82777 90.08212
28.20396 12.82777 90.08212
28.48654 12.82777 90.08212
28.76911 12.82777 90.08212
29.05169 12.82776 90.08212
29.33427 12.82776 90.08212
29.61685 12.82776 90.08212
29.89448 12.81271 90.08212
Stroke End
0.04131914 -4.891021 90.08212
0.3764297 -4.822433 90.08212
0.7115403 -4.753845 90.08212
1.046651 -4.685256 90.08212
1.381762 -4.616668 90.08212
1.716872 -4.54808 90.08212
2.051983 -4.479492 90.08212
2.387117 -4.411023 90.08212
2.722299 -4.342783 90.08212
3.057481 -4.274543 90.08212
3.392663 -4.206303 90.08212
3.727844 -4.138063 90.08212
4.063025 -4.069824 90.08212
4.398207 -4.001584 90.08212
4.733389 -3.933344 90.08212
5.068571 -3.865104 90.08212
5.403752 -3.796864 90.08212
5.740459 -3.736612 90.08212
6.077208 -3.676583 90.08212
6.413957 -3.616554 90.08212
6.750706 -3.556525 90.08212
7.087455 -3.496496 90.08212
7.424204 -3.436467 90.08212
7.760953 -3.376438 90.08212
8.097702 -3.316409 90.08212
8.434451 -3.25638 90.08212
8.7712 -3.196351 90.08212
9.10795 -3.136322 90.08212
9.444698 -3.076293 90.08212
9.781448 -3.016264 90.08212
10.1182 -2.956235 90.08212
10.45495 -2.896206 90.08212
10.7892 -2.823885 90.08212
11.12265 -2.747637 90.08212
11.4561 -2.671388 90.08212
11.78955 -2.59514 90.08212
12.123 -2.518892 90.08212
12.45645 -2.442643 90.08212
12.7899 -2.366395 90.08212
13.12335 -2.290147 90.08212
13.45681 -2.213898 90.08212
13.79026 -2.13765 90.08212
14.12371 -2.061402 90.08212
14.45716 -1.985153 90.08212
14.79061 -1.908905 90.08212
15.12406 -1.832656 90.08212
15.4587 -1.762232 90.08212
15.79527 -1.701163 90.08212
16.13183 -1.640094 90.08212
16.46839 -1.579024 90.08212
16.80495 -1.517954 90.08212
17.14152 -1.456885 90.08212
17.47808 -1.395815 90.08212
17.81464 -1.334746 90.08212
18.1512 -1.273676 90.08212
18.48776 -1.212607 90.08212
18.82432 -1.151537 90.08212
19.16089 -1.090468 90.08212
19.49745 -1.029398 90.08212
19.83401 -0.9683287 90.08212
20.17057 -0.9072591 90.08212
20.50714 -0.8461895 90.08212
20.8437 -0.7851199 90.08212
21.18282 -0.7406494 90.08212
21.52213 -0.6973786 90.08212
21.86144 -0.6541078 90.08212
22.20075 -0.6108373 90.08212
22.54006 -0.5675665 90.08212
22.87937 -0.5242957 90.08212
23.21868 -0.4810249 90.08212
23.55799 -0.4377543 90.08212
23.8973 -0.3944835 90.08212
24.23661 -0.3512127 90.08212
24.57592 -0.3079422 90.08212
24.91523 -0.2646714 90.08212
25.25466 -0.2224032 90.08212
25.59443 -0.1828743 90.08212
25.93419 -0.1433457 90.08212
26.27396 -0.1038168 90.08212
26.61372 -0.0642879 90.08212
26.95414 -0.03109443 90.08212
27.2949 -0.001362094 90.08212
27.63566 0.02837041 90.08212
27.97643 0.05810292 90.08212
28.31719 0.08783525 90.08212
28.65795 0.1175678 90.08212
28.99871 0.1473003 90.08212
29.33948 0.1770328 90.08212
29.68024 0.2067651 90.08212
30.02082 0.2089293 90.08212
30.36117 0.1747329 90.08212
30.70151 0.1405366 90.08212
31.04185 0.1063401 90.08212
31.3822 0.07214368 90.08212
31.72254 0.03794721 90.08212
32.06289 0.003750936 90.08212
32.40323 -0.03044532 90.08212
32.73912 -0.08845802 90.08212
33.07396 -0.1416691 90.08212
33.41602 -0.1416654 90.08212
Stroke End
19.70944 25.0665 90.08212
19.51515 24.4175 90.08212
19.41374 23.74494 90.08212
19.26714 23.08161 90.08212
19.07024 22.43085 90.08212
18.8611 21.78364 90.08212
18.70377 21.12281 90.08212
18.56761 20.45642 90.08212
18.43146 19.79002 90.08212
18.29531 19.12363 90.08212
18.1787 18.45388 90.08212
18.08492 17.78022 90.08212
17.97814 17.10855 90.08212
17.86574 16.43774 90.08212
17.75334 15.76693 90.08212
17.64251 15.09594 90.08212
17.60015 14.4171 90.08212
17.55779 13.73826 90.08212
17.51543 13.05942 90.08212
17.47165 12.38068 90.08212
17.41752 11.70268 90.08212
17.36339 11.02468 90.08212
17.30926 10.34667 90.08212
17.25513 9.668671 90.08212
17.20884 8.990127 90.08212
17.1692 8.311122 90.08212
17.12957 7.632117 90.08212
17.08993 6.953112 90.08212
17.05233 6.273999 90.08212
17.01818 5.594696 90.08212
16.98403 4.915393 90.08212
16.94989 4.236091 90.08212
16.91574 3.556788 90.08212
16.88254 2.877438 90.08212
16.85019 2.198048 90.08212
16.81784 1.518657 90.08212
16.78548 0.8392659 90.08212
16.75313 0.1598769 90.08212
16.72078 -0.5195137 90.08212
16.68843 -1.198905 90.08212
16.65607 -1.878295 90.08212
16.59276 -2.555394 90.08212
16.52473 -3.232143 90.08212
16.46633 -3.909703 90.08212
16.42028 -4.588301 90.08212
16.37423 -5.266901 90.08212
16.32818 -5.9455 90.08211
16.28213 -6.6241 90.08211
16.23442 -7.30255 90.08211
16.15798 -7.978401 90.08211
16.08154 -8.654253 90.08211
16.04105 -9.333091 90.08211
16.0049 -10.01229 90.08211
15.96875 -10.69149 90.08211
15.9326 -11.37069 90.08211
15.89251 -12.04964 90.08211
15.84405 -12.72807 90.08211
15.79559 -13.4065 90.08211
15.74713 -14.08493 90.08211
15.69866 -14.76337 90.08211
15.64936 -15.44174 90.08211
15.59677 -16.11986 90.08211
15.54418 -16.79799 90.08211
15.49158 -17.47611 90.08211
15.43899 -18.15423 90.08211
15.38711 -18.83241 90.08211
15.33597 -19.51065 90.08211
15.28484 -20.18888 90.08211
15.2337 -20.86712 90.08211
15.18256 -21.54535 90.08211
15.12845 -22.22335 90.08211
15.07269 -22.90123 90.08211
15.01694 -23.5791 90.08211
14.96118 -24.25697 90.08211
14.90882 -24.93507 90.08211
14.87042 -25.61415 90.08211
14.83202 -26.29322 90.08211
14.79362 -26.9723 90.08211
14.75522 -27.65137 90.08211
14.73393 -28.33118 90.08211
14.71471 -29.01107 90.08211
14.69548 -29.69095 90.0821
14.67626 -30.37084 90.0821
14.66844 -31.05089 90.0821
14.66844 -31.73105 90.0821
14.66844 -32.41121 90.0821
14.66844 -33.09137 90.0821
14.66844 -33.77153 90.0821
14.66844 -34.45169 90.0821
14.66844 -35.13185 90.0821
14.65136 -35.81166 90.0821
14.62342 -36.49125 90.0821
14.59547 -37.17083 90.0821
14.5858 -37.8508 90.0821
14.5858 -38.53096 90.0821
14.5858 -39.21112 90.0821
14.5858 -39.89128 90.0821
14.5858 -40.57144 90.0821
14.5858 -41.25161 90.0821
14.5858 -41.93177 90.0821
Stroke End
