8
water
120
-31.11365 32.37322 90.08213
-31.02011 32.30165 90.08213
-30.92658 32.23008 90.08213
-30.83305 32.15852 90.08213
-30.73951 32.08695 90.08213
-30.64598 32.01538 90.08213
-30.55244 31.94382 90.08213
-30.45891 31.87225 90.08213
-30.36538 31.80069 90.08213
-30.27184 31.72912 90.08213
-30.17831 31.65755 90.08213
-30.08477 31.58599 90.08213
-29.98915 31.51732 90.08213
-29.89156 31.4514 90.08213
-29.79396 31.38549 90.08213
-29.69636 31.31957 90.08213
-29.59876 31.25365 90.08213
-29.50117 31.18773 90.08213
-29.40357 31.12181 90.08213
-29.30597 31.05589 90.08213
-29.20838 30.98998 90.08213
-29.11078 30.92406 90.08213
-29.01318 30.85814 90.08213
-28.91559 30.79222 90.08213
-28.81799 30.7263 90.08213
-28.72039 30.66039 90.08213
-28.6228 30.59447 90.08213
-28.5252 30.52855 90.08213
-28.4276 30.46263 90.08213
-28.33001 30.39671 90.08213
-28.23241 30.33079 90.08213
-28.13481 30.26487 90.08213
-28.03722 30.19895 90.08213
-27.93962 30.13304 90.08213
-27.84202 30.06712 90.08213
-27.74443 30.0012 90.08213
-27.64683 29.93528 90.08213
-27.54924 29.86936 90.08213
-27.45164 29.80344 90.08213
-27.35404 29.73752 90.08213
-27.25645 29.6716 90.08213
-27.15885 29.60568 90.08213
-27.06128 29.53973 90.08213
-26.96437 29.4728 90.08213
-26.86747 29.40586 90.08213
-26.77057 29.33893 90.08213
-26.67366 29.272 90.08213
-26.57676 29.20506 90.08213
-26.47985 29.13813 90.08213
-26.38295 29.0712 90.08213
-26.28605 29.00426 90.08213
-26.18914 28.93733 90.08213
-26.09224 28.8704 90.08213
-25.99534 28.80346 90.08213
-25.89843 28.73653 90.08213
-25.80153 28.6696 90.08213
-25.70635 28.60033 90.08213
-25.61392 28.52735 90.08213
-25.52148 28.45437 90.08213
-25.42904 28.3814 90.08213
-25.3366 28.30842 90.08213
-25.24417 28.23544 90.08213
-25.15173 28.16247 90.08213
-25.05929 28.08949 90.08213
-24.96685 28.01651 90.08213
-24.87441 27.94354 90.08213
-24.78197 27.87056 90.08213
-24.68954 27.79758 90.08213
-24.5971 27.72461 90.08213
-24.50259 27.65434 90.08213
-24.40778 27.58448 90.08213
-24.31296 27.51462 90.08213
-24.21815 27.44477 90.08213
-24.12333 27.3749 90.08213
-24.02851 27.30505 90.08213
-23.9337 27.23519 90.08213
-23.83888 27.16533 90.08213
-23.74407 27.09546 90.08213
-23.64925 27.0256 90.08213
-23.55444 26.95574 90.08213
-23.45962 26.88589 90.08213
-23.36481 26.81602 90.08213
-23.26999 26.74616 90.08212
-23.17518 26.6763 90.08212
-23.08036 26.60644 90.08212
-22.98555 26.53658 90.08212
-22.89073 26.46672 90.08212
-22.79592 26.39686 90.08212
-22.7011 26.327 90.08212
-22.60629 26.25714 90.08212
-22.51927 26.17783 90.08212
-22.43264 26.09804 90.08212
-22.34601 26.01825 90.08212
-22.25938 25.93847 90.08212
-22.17275 25.85868 90.08212
-22.08787 25.77717 90.08212
-22.00885 25.68984 90.08212
-21.92983 25.60251 90.08212
-21.85081 25.51518 90.08212
-21.7718 25.42785 90.08212
Stroke End
-38.46852 19.76914 90.08212
-38.37428 19.63293 90.08212
-38.28004 19.49672 90.08212
-38.18579 19.36051 90.08212
-38.09155 19.2243 90.08212
-37.9973 19.08809 90.08212
-37.90306 18.95188 90.08212
-37.80881 18.81567 90.08212
-37.71457 18.67946 90.08212
-37.62032 18.54325 90.08212
-37.52608 18.40704 90.08212
-37.43183 18.27083 90.08212
-37.33626 18.13555 90.08212
-37.23981 18.0009 90.08212
-37.14335 17.86624 90.08212
-37.0469 17.73159 90.08212
-36.95045 17.59693 90.08212
-36.85399 17.46228 90.08212
-36.75754 17.32762 90.08212
-36.66109 17.19297 90.08212
-36.56463 17.05831 90.08212
-36.46818 16.92366 90.08212
-36.37173 16.789 90.08212
-36.27527 16.65435 90.08212
-36.17882 16.51969 90.08212
-36.08237 16.38504 90.08212
-35.98591 16.25038 90.08212
-35.88946 16.11573 90.08212
-35.79195 15.98184 90.08212
-35.69223 15.84959 90.08212
-35.59251 15.71733 90.08212
-35.49279 15.58508 90.08212
-35.39307 15.45283 90.08212
-35.29335 15.32057 90.08212
-35.19364 15.18832 90.08212
-35.09392 15.05606 90.08212
-34.99401 14.92395 90.08212
-34.88909 14.79578 90.08212
-34.78417 14.66762 90.08212
-34.67925 14.53945 90.08212
-34.57433 14.41128 90.08212
-34.46941 14.28312 90.08212
-34.36448 14.15495 90.08212
-34.25956 14.02678 90.08212
-34.15464 13.89862 90.08212
-34.04972 13.77045 90.08212
-33.94479 13.64229 90.08212
-33.83987 13.51412 90.08212
-33.73495 13.38595 90.08212
-33.63003 13.25779 90.08212
-33.5251 13.12962 90.08212
-33.42042 13.00126 90.08212
-33.31892 12.87038 90.08212
-33.21741 12.73949 90.08212
-33.1159 12.6086 90.08212
-33.01439 12.47772 90.08212
-32.91288 12.34683 90.08212
-32.81137 12.21594 90.08212
-32.70987 12.08506 90.08212
-32.60836 11.95417 90.08212
-32.50685 11.82328 90.08212
-32.40534 11.6924 90.08212
-32.30383 11.56151 90.08212
-32.20232 11.43062 90.08212
-32.10082 11.29973 90.08212
-31.99931 11.16885 90.08212
-31.8978 11.03796 90.08212
-31.79629 10.90707 90.08212
-31.69478 10.77619 90.08212
-31.59328 10.6453 90.08212
-31.49177 10.51441 90.08212
-31.38515 10.38781 90.08212
-31.27402 10.26499 90.08212
-31.16288 10.14217 90.08212
-31.05175 10.01935 90.08212
-30.94062 9.896527 90.08212
-30.82949 9.773705 90.08212
-30.72444 9.645819 90.08212
-30.62375 9.514299 90.08212
-30.52306 9.382781 90.08212
-30.42237 9.251263 90.08212
-30.32169 9.119743 90.08212
-30.221 8.988225 90.08212
-30.12031 8.856706 90.08212
-30.01962 8.725186 90.08212
-29.91894 8.593668 90.08212
-29.81246 8.466969 90.08212
-29.70133 8.344148 90.08212
-29.5902 8.221326 90.08212
-29.47907 8.098504 90.08212
-29.36794 7.975683 90.08212
-29.2568 7.852861 90.08212
-29.14567 7.73004 90.08212
-29.04437 7.599092 90.08212
-28.94465 7.466839 90.08212
-28.84493 7.334586 90.08212
-28.74521 7.202333 90.08212
-28.63729 7.076852 90.08212
-28.52617 6.954028 90.08212
-28.41504 6.831204 90.08212
Stroke End
-38.55117 -24.80182 90.08211
-38.43279 -24.46537 90.08211
-38.3144 -24.12893 90.08211
-38.19602 -23.79248 90.08211
-38.07764 -23.45604 90.08211
-37.95071 -23.12378 90.08211
-37.75711 -22.82423 90.08211
-37.56352 -22.52468 90.08211
-37.36992 -22.22513 90.08211
-37.17633 -21.92558 90.08211
-36.98273 -21.62603 90.08211
-36.78913 -21.32648 90.08211
-36.59554 -21.02693 90.08211
-36.40194 -20.72738 90.08211
-36.20692 -20.42876 90.08211
-36.01086 -20.13081 90.08211
-35.8148 -19.83287 90.08211
-35.61875 -19.53492 90.08211
-35.42269 -19.23698 90.08211
-35.22663 -18.93904 90.08211
-35.03057 -18.64109 90.08211
-34.83451 -18.34315 90.08212
-34.63845 -18.0452 90.08212
-34.44239 -17.74726 90.08212
-34.24633 -17.44932 90.08212
-34.05027 -17.15137 90.08212
-33.85422 -16.85343 90.08212
-33.65972 -16.55452 90.08212
-33.48134 -16.24566 90.08212
-33.30297 -15.93681 90.08212
-33.12459 -15.62795 90.08212
-32.94622 -15.31909 90.08212
-32.76785 -15.01024 90.08212
-32.58947 -14.70138 90.08212
-32.41109 -14.39252 90.08212
-32.23272 -14.08367 90.08212
-32.05435 -13.77481 90.08212
-31.87597 -13.46595 90.08212
-31.6976 -13.1571 90.08212
-31.51922 -12.84824 90.08212
-31.34085 -12.53939 90.08212
-31.16186 -12.23089 90.08212
-30.98026 -11.92392 90.08212
-30.79865 -11.61695 90.08212
-30.61705 -11.30998 90.08212
-30.43544 -11.00301 90.08212
-30.25384 -10.69605 90.08212
-30.07224 -10.38908 90.08212
-29.89063 -10.08211 90.08212
-29.70898 -9.775166 90.08212
-29.52728 -9.468254 90.08212
-29.34558 -9.161344 90.08212
-29.16388 -8.854432 90.08212
-28.98218 -8.547521 90.08212
-28.80048 -8.240609 90.08212
-28.61878 -7.933698 90.08212
-28.43708 -7.626787 90.08212
-28.25538 -7.319876 90.08212
-28.07368 -7.012964 90.08212
-27.89197 -6.706051 90.08212
-27.71027 -6.39914 90.08212
-27.52857 -6.092229 90.08212
-27.34687 -5.785317 90.08212
-27.16517 -5.478406 90.08212
-26.98347 -5.171495 90.08212
-26.80177 -4.864584 90.08212
-26.62007 -4.557673 90.08212
-26.43837 -4.250761 90.08212
-26.25667 -3.94385 90.08212
-26.07497 -3.636939 90.08212
-25.89326 -3.330026 90.08212
-25.71157 -3.023114 90.08212
-25.52987 -2.716203 90.08212
-25.34728 -2.409817 90.08212
-25.16306 -2.104412 90.08212
-24.97884 -1.799007 90.08212
-24.79462 -1.493601 90.08212
-24.6104 -1.188196 90.08212
-24.42618 -0.8827906 90.08212
-24.24196 -0.5773851 90.08212
-24.05774 -0.2719783 90.08212
-23.87352 0.03342714 90.08212
-23.6893 0.3388324 90.08212
-23.50508 0.6442379 90.08212
-23.3115 0.9436544 90.08212
-23.11123 1.238782 90.08212
-22.91096 1.533909 90.08212
-22.71068 1.829036 90.08212
-22.51041 2.124164 90.08212
-22.31013 2.419291 90.08212
-22.10986 2.714418 90.08212
-21.90959 3.009547 90.08212
-21.70931 3.304673 90.08212
-21.50904 3.599802 90.08212
-21.30877 3.894928 90.08212
-21.11144 4.19201 90.08212
-20.91785 4.491559 90.08212
-20.71948 4.787843 90.08212
-20.51034 5.076761 90.08212
-20.27929 5.347913 90.08212
Stroke End
-16.07332 23.69649 90.08212
-15.62053 23.79181 90.08212
-15.16775 23.88713 90.08212
-14.71496 23.98245 90.08212
-14.26084 24.06892 90.08212
-13.80009 24.11136 90.08212
-13.33933 24.1538 90.08212
-12.87857 24.19624 90.08212
-12.41781 24.23868 90.08212
-11.95705 24.28112 90.08212
-11.49629 24.32356 90.08212
-11.03522 24.36234 90.08212
-10.57401 24.39963 90.08212
-10.11281 24.43693 90.08212
-9.651606 24.47422 90.08212
-9.190401 24.51152 90.08212
-8.729198 24.54881 90.08212
-8.267994 24.58611 90.08212
-7.807704 24.63197 90.08212
-7.349012 24.6928 90.08212
-6.89032 24.75364 90.08212
-6.431627 24.81447 90.08212
-5.972934 24.87531 90.08212
-5.514241 24.93614 90.08212
-5.05555 24.99698 90.08212
-4.596857 25.05781 90.08212
-4.138164 25.11865 90.08212
-3.679472 25.17948 90.08212
-3.220779 25.24032 90.08212
-2.762086 25.30116 90.08212
-2.303394 25.36199 90.08212
-1.844702 25.42282 90.08212
-1.386799 25.4893 90.08212
-0.9290329 25.55676 90.08212
-0.4712682 25.62422 90.08212
-0.01350258 25.69168 90.08212
0.4442632 25.75914 90.08212
0.9013008 25.83117 90.08212
1.357397 25.90912 90.08212
1.813493 25.98707 90.08212
2.269587 26.06502 90.08212
2.725683 26.14297 90.08212
3.181779 26.22092 90.08212
3.637876 26.29888 90.08212
4.093972 26.37683 90.08212
4.550067 26.45478 90.08212
5.006164 26.53273 90.08212
5.462258 26.61068 90.08212
5.918354 26.68863 90.08212
6.37445 26.76658 90.08212
6.830546 26.84453 90.08212
7.286643 26.92248 90.08212
7.742738 27.00043 90.08212
8.198834 27.07838 90.08212
8.654929 27.15634 90.08212
9.112797 27.22294 90.08212
9.570951 27.2877 90.08212
10.02911 27.35247 90.08212
10.48726 27.41723 90.08212
10.94541 27.482 90.08212
11.40357 27.54676 90.08212
11.86172 27.61153 90.08212
12.31987 27.67629 90.08212
12.77803 27.74106 90.08212
13.23618 27.80582 90.08212
13.69434 27.87059 90.08212
14.15249 27.93535 90.08212
14.61065 28.00012 90.08212
15.0688 28.06489 90.08212
15.52695 28.12965 90.08212
15.98612 28.1855 90.08212
16.44716 28.2247 90.08212
16.90821 28.2639 90.08212
17.36925 28.30309 90.08212
17.8303 28.34229 90.08212
18.29135 28.38149 90.08212
18.75239 28.42069 90.08212
19.21344 28.45988 90.08212
19.67449 28.49908 90.08212
20.13551 28.53854 90.08212
20.59567 28.58698 90.08212
21.05584 28.63541 90.08212
21.51601 28.68385 90.08212
21.97666 28.7261 90.08212
22.43873 28.75042 90.08212
22.9008 28.77474 90.08212
23.36287 28.79906 90.08212
23.82477 28.82624 90.08212
24.28651 28.85626 90.08212
24.74824 28.88628 90.08212
25.21042 28.90254 90.08212
25.67313 28.90254 90.08212
26.13584 28.90254 90.08212
26.59855 28.90254 90.08212
27.06126 28.90254 90.08212
27.52397 28.90254 90.08212
27.98668 28.90254 90.08212
28.4483 28.92027 90.08212
28.90756 28.97667 90.08212
29.36922 28.99387 90.08212
Stroke End
-14.83373 10.36174 90.08212
-14.8163 10.198 90.08212
-14.79887 10.03426 90.08212
-14.78144 9.870512 90.08212
-14.76401 9.706768 90.08212
-14.74658 9.543024 90.08212
-14.72915 9.379279 90.08212
-14.71172 9.215535 90.08212
-14.69429 9.051791 90.08212
-14.67686 8.888046 90.08212
-14.66102 8.724149 90.08212
-14.64665 8.560106 90.08212
-14.63229 8.396065 90.08212
-14.61793 8.232023 90.08212
-14.60356 8.067982 90.08212
-14.5892 7.90394 90.08212
-14.57483 7.739898 90.08212
-14.56047 7.575857 90.08212
-14.54611 7.411815 90.08212
-14.53174 7.247773 90.08212
-14.51738 7.083731 90.08212
-14.50302 6.91969 90.08212
-14.48865 6.755648 90.08212
-14.47429 6.591607 90.08212
-14.45993 6.427565 90.08212
-14.44556 6.263523 90.08212
-14.4312 6.099482 90.08212
-14.41469 5.935683 90.08212
-14.39198 5.772586 90.08212
-14.36928 5.60949 90.08212
-14.34658 5.446393 90.08212
-14.32387 5.283297 90.08212
-14.30117 5.1202 90.08212
-14.27847 4.957103 90.08212
-14.25576 4.794006 90.08212
-14.23306 4.630909 90.08212
-14.21036 4.467813 90.08212
-14.18765 4.304716 90.08212
-14.16495 4.141619 90.08212
-14.14225 3.978522 90.08212
-14.11954 3.815426 90.08212
-14.09684 3.652329 90.08212
-14.07414 3.489232 90.08212
-14.05143 3.326135 90.08212
-14.02873 3.163039 90.08212
-14.00603 2.999942 90.08212
-13.98332 2.836845 90.08212
-13.96062 2.673748 90.08212
-13.93792 2.510652 90.08212
-13.9172 2.347308 90.08212
-13.89925 2.18362 90.08212
-13.88129 2.019933 90.08212
-13.86334 1.856245 90.08212
-13.84539 1.692557 90.08212
-13.82744 1.528869 90.08212
-13.80949 1.365181 90.08212
-13.79153 1.201493 90.08212
-13.77358 1.037805 90.08212
-13.75563 0.8741179 90.08212
-13.73768 0.7104292 90.08212
-13.71972 0.5467417 90.08212
-13.70177 0.3830541 90.08212
-13.68382 0.2193666 90.08212
-13.66587 0.05567815 90.08212
-13.64792 -0.1080094 90.08212
-13.62996 -0.2716969 90.08212
-13.61201 -0.4353856 90.08212
-13.59401 -0.5990665 90.08212
-13.56578 -0.761298 90.08212
-13.53756 -0.9235294 90.08212
-13.50933 -1.085762 90.08212
-13.4811 -1.247993 90.08212
-13.45287 -1.410225 90.08212
-13.42464 -1.572457 90.08212
-13.39641 -1.734689 90.08212
-13.36819 -1.89692 90.08212
-13.33996 -2.059153 90.08212
-13.31173 -2.221384 90.08212
-13.2835 -2.383615 90.08212
-13.25527 -2.545847 90.08212
-13.22704 -2.708079 90.08212
-13.19881 -2.870311 90.08212
-13.1635 -3.030863 90.08212
-13.11595 -3.188519 90.08212
-13.0684 -3.346173 90.08212
-13.02085 -3.503828 90.08212
-12.9733 -3.661484 90.08212
-12.92575 -3.819138 90.08212
-12.8782 -3.976793 90.08212
-12.83066 -4.134448 90.08212
-12.78311 -4.292103 90.08212
-12.73556 -4.449758 90.08212
-12.68801 -4.607413 90.08212
-12.64046 -4.765069 90.08212
-12.59595 -4.923484 90.08212
-12.56348 -5.084922 90.08212
-12.53102 -5.24636 90.08212
-12.49856 -5.407799 90.08212
-12.4661 -5.569238 90.08212
-12.43719 -5.731029 90.08212
Stroke End
-13.26358 11.64043 90.08212
-12.8624 11.68306 90.08212
-12.46122 11.72569 90.08212
-12.06004 11.76833 90.08212
-11.65886 11.81096 90.08212
-11.25768 11.8536 90.08212
-10.8565 11.89623 90.08212
-10.45533 11.93886 90.08212
-10.05414 11.9815 90.08212
-9.652966 12.02413 90.08212
-9.251785 12.06676 90.08212
-8.850352 12.10671 90.08212
-8.448292 12.14004 90.08212
-8.046232 12.17337 90.08212
-7.644172 12.20669 90.08212
-7.242112 12.24002 90.08212
-6.840052 12.27335 90.08212
-6.437993 12.30667 90.08212
-6.035933 12.34 90.08212
-5.633821 12.37258 90.08212
-5.230997 12.39484 90.08212
-4.828173 12.4171 90.08212
-4.425349 12.43936 90.08212
-4.022525 12.46162 90.08212
-3.624146 12.52481 90.08212
-3.225932 12.58954 90.08212
-2.827719 12.65426 90.08212
-2.429506 12.71899 90.08212
-2.031293 12.78371 90.08212
-1.63308 12.84844 90.08212
-1.234866 12.91316 90.08212
-0.8379696 12.98548 90.08212
-0.4412059 13.05856 90.08212
-0.04444231 13.13164 90.08212
0.3523213 13.20473 90.08212
0.749086 13.27781 90.08212
1.14585 13.3509 90.08212
1.542613 13.42398 90.08212
1.940785 13.48803 90.08212
2.340982 13.53906 90.08212
2.741181 13.5901 90.08212
3.141378 13.64113 90.08212
3.541576 13.69216 90.08212
3.941855 13.74241 90.08212
4.344042 13.77416 90.08212
4.74623 13.80592 90.08212
5.148623 13.83245 90.08212
5.552061 13.83245 90.08212
5.918727 13.68989 90.08212
6.245732 13.45637 90.08212
6.420584 13.09846 90.08212
6.488064 12.70071 90.08212
6.555545 12.30295 90.08212
6.623026 11.9052 90.08212
6.652452 11.50424 90.08212
6.652451 11.1008 90.08212
6.652451 10.69736 90.08212
6.652451 10.29392 90.08212
6.652451 9.890485 90.08212
6.652452 9.487043 90.08212
6.652452 9.083605 90.08212
6.652452 8.680166 90.08212
6.641682 8.277076 90.08212
6.615663 7.874476 90.08212
6.589643 7.471878 90.08212
6.563624 7.069279 90.08212
6.537605 6.66668 90.08212
6.511586 6.264082 90.08212
6.484187 5.861611 90.08212
6.435866 5.461076 90.08212
6.387544 5.06054 90.08212
6.339223 4.660006 90.08212
6.275817 4.261744 90.08212
6.203978 3.864753 90.08212
6.132138 3.467762 90.08212
6.060297 3.070771 90.08212
5.988458 2.67378 90.08212
5.916618 2.276789 90.08212
5.844778 1.879799 90.08212
5.772938 1.482808 90.08212
5.707979 1.084674 90.08212
5.64782 0.6857454 90.08212
5.587662 0.2868172 90.08212
5.527503 -0.1121109 90.08212
5.467344 -0.511039 90.08212
5.407185 -0.9099672 90.08212
5.347026 -1.308895 90.08212
5.270796 -1.704936 90.08212
5.188336 -2.099858 90.08212
5.105876 -2.49478 90.08212
5.023417 -2.889702 90.08212
4.940957 -3.284624 90.08212
4.858497 -3.679546 90.08212
4.771403 -4.07346 90.08212
4.682395 -4.466957 90.08212
4.593387 -4.860455 90.08212
4.504378 -5.253952 90.08212
4.367374 -5.633399 90.08212
4.230076 -6.012757 90.08212
4.0511 -6.372238 90.08212
Stroke End
-15.08165 -8.909707 90.08212
-14.8695 -8.857606 90.08212
-14.65736 -8.805506 90.08212
-14.44522 -8.753405 90.08212
-14.23251 -8.703752 90.08212
-14.01921 -8.656605 90.08212
-13.80592 -8.609458 90.08212
-13.59262 -8.562311 90.08212
-13.37933 -8.515164 90.08212
-13.16603 -8.468018 90.08212
-12.95273 -8.420872 90.08212
-12.73944 -8.373725 90.08212
-12.52614 -8.326578 90.08212
-12.31284 -8.279431 90.08212
-12.09955 -8.232285 90.08212
-11.88625 -8.185138 90.08212
-11.67295 -8.137991 90.08212
-11.45966 -8.090844 90.08212
-11.24566 -8.047028 90.08212
-11.0316 -8.003448 90.08212
-10.81755 -7.959868 90.08212
-10.60349 -7.916288 90.08212
-10.38944 -7.872708 90.08212
-10.17539 -7.829128 90.08212
-9.961333 -7.785548 90.08212
-9.747279 -7.741968 90.08212
-9.533226 -7.698388 90.08212
-9.319172 -7.654808 90.08212
-9.105118 -7.611228 90.08212
-8.891065 -7.567648 90.08212
-8.677011 -7.524068 90.08212
-8.462957 -7.480488 90.08212
-8.248545 -7.438842 90.08212
-8.033125 -7.402612 90.08212
-7.817706 -7.366381 90.08212
-7.602287 -7.330151 90.08212
-7.386868 -7.293921 90.08212
-7.171448 -7.25769 90.08212
-6.956028 -7.221459 90.08212
-6.740609 -7.185229 90.08212
-6.52519 -7.148999 90.08212
-6.30977 -7.112768 90.08212
-6.09435 -7.076538 90.08212
-5.878931 -7.040308 90.08212
-5.663512 -7.004077 90.08212
-5.448092 -6.967846 90.08212
-5.232673 -6.931616 90.08212
-5.017254 -6.895386 90.08212
-4.801835 -6.859155 90.08212
-4.586415 -6.822925 90.08212
-4.371359 -6.784633 90.08212
-4.156528 -6.74506 90.08212
-3.941698 -6.705487 90.08212
-3.726868 -6.665914 90.08212
-3.512037 -6.626341 90.08212
-3.297207 -6.586768 90.08212
-3.082376 -6.547195 90.08212
-2.867545 -6.507622 90.08212
-2.652715 -6.468049 90.08212
-2.437884 -6.428476 90.08212
-2.223054 -6.388903 90.08212
-2.008224 -6.34933 90.08212
-1.793393 -6.309757 90.08212
-1.578562 -6.270184 90.08212
-1.363587 -6.231407 90.08212
-1.148569 -6.19287 90.08212
-0.9335501 -6.154333 90.08212
-0.7185313 -6.115796 90.08212
-0.5035126 -6.077259 90.08212
-0.2884939 -6.038722 90.08212
-0.07347518 -6.000185 90.08212
0.1415434 -5.961648 90.08212
0.3565622 -5.92311 90.08212
0.571582 -5.884573 90.08212
0.7865996 -5.846036 90.08212
1.001618 -5.807499 90.08212
1.216637 -5.768962 90.08212
1.431656 -5.730424 90.08212
1.646858 -5.69294 90.08212
1.862213 -5.656324 90.08212
2.077567 -5.619708 90.08212
2.292923 -5.583091 90.08212
2.508277 -5.546475 90.08212
2.723631 -5.509859 90.08212
2.938985 -5.473243 90.08212
3.154339 -5.436626 90.08212
3.369694 -5.40001 90.08212
3.585048 -5.363394 90.08212
3.800834 -5.329501 90.08212
4.016944 -5.297653 90.08212
4.233055 -5.265806 90.08212
4.449166 -5.233958 90.08212
4.665277 -5.202111 90.08212
4.881387 -5.170263 90.08212
5.098087 -5.142781 90.08212
5.314904 -5.116159 90.08212
5.531721 -5.089539 90.08212
5.749196 -5.073692 90.08212
5.96764 -5.073693 90.08212
6.186085 -5.073694 90.08212
Stroke End
19.46152 27.25852 90.08212
19.46152 26.36654 90.08212
19.46942 25.47478 90.08212
19.51978 24.58422 90.08212
19.55511 23.69306 90.08212
19.57634 22.80133 90.08212
19.59758 21.90961 90.08212
19.61881 21.01788 90.08212
19.60626 20.12637 90.08212
19.57334 19.235 90.08212
19.54042 18.34363 90.08212
19.50751 17.45225 90.08212
19.47459 16.56088 90.08212
19.45216 15.66922 90.08212
19.43664 14.77738 90.08212
19.42113 13.88553 90.08212
19.40561 12.99369 90.08212
19.39009 12.10184 90.08212
19.37888 11.20996 90.08212
19.37888 10.31798 90.08212
19.37888 9.425999 90.08212
19.37888 8.534018 90.08212
19.37888 7.642039 90.08212
19.37888 6.750058 90.08212
19.3664 5.85818 90.08212
19.35172 4.966321 90.08212
19.33705 4.074461 90.08212
19.32238 3.182602 90.08212
19.30771 2.290742 90.08212
19.30535 1.39907 90.08212
19.34704 0.5080641 90.08212
19.38874 -0.3829398 90.08212
19.43044 -1.273946 90.08212
19.47214 -2.164951 90.08212
19.51384 -3.055955 90.08212
19.56342 -3.946464 90.08212
19.634 -4.835647 90.08212
19.70457 -5.72483 90.08212
19.77514 -6.614017 90.08211
19.84572 -7.5032 90.08211
19.91629 -8.392383 90.08211
19.97341 -9.282393 90.08211
20.01181 -10.17354 90.08211
20.0502 -11.0647 90.08211
20.0886 -11.95585 90.08211
20.12699 -12.84701 90.08211
20.16539 -13.73816 90.08211
20.20378 -14.62931 90.08211
20.28801 -15.51726 90.08211
20.37408 -16.40508 90.08211
20.45852 -17.29303 90.08211
20.52449 -18.18257 90.08211
20.59047 -19.07211 90.08211
20.65644 -19.96164 90.08211
20.72241 -20.85118 90.08211
20.78839 -21.74072 90.08211
20.85436 -22.63026 90.08211
20.87985 -23.52167 90.08211
20.89632 -24.41349 90.08211
20.91279 -25.30532 90.0821
20.92926 -26.19715 90.0821
20.94573 -27.08898 90.0821
20.91833 -27.98026 90.0821
20.87993 -28.87142 90.0821
20.84153 -29.76257 90.0821
20.80313 -30.65372 90.0821
20.75716 -31.54449 90.0821
20.70345 -32.43485 90.0821
20.64975 -33.32521 90.0821
20.54004 -34.2079 90.0821
20.35219 -35.07988 90.0821
20.16239 -35.95142 90.0821
19.9656 -36.82142 90.0821
19.71058 -37.67607 90.0821
19.19116 -37.98949 90.0821
18.38477 -37.63287 90.0821
17.6058 -37.19856 90.0821
16.85962 -36.70986 90.0821
16.11344 -36.22115 90.0821
15.36799 -35.73134 90.0821
14.63408 -35.22439 90.0821
13.90425 -34.71171 90.0821
13.18614 -34.18259 90.0821
12.46804 -33.65349 90.0821
11.74994 -33.12437 90.0821
11.03366 -32.59287 90.0821
10.3313 -32.04303 90.0821
9.628944 -31.49318 90.0821
8.926593 -30.94334 90.08211
8.224235 -30.3935 90.08211
7.521877 -29.84366 90.08211
6.782851 -29.34925 90.08211
6.002143 -28.91782 90.08211
5.225132 -28.48014 90.08211
4.470969 -28.00384 90.08211
3.716799 -27.52755 90.08211
2.964747 -27.04811 90.08211
2.240324 -26.52769 90.08211
1.515895 -26.00727 90.08211
0.8064235 -25.4668 90.08211
Stroke End
