5
-9.048987 31.45988 90.08213
-8.979265 31.24796 90.08213
-8.909542 31.03605 90.08213
-8.83982 30.82413 90.08213
-8.770097 30.61222 90.08213
-8.697542 30.40132 90.08213
-8.616885 30.19333 90.08213
-8.536227 29.98533 90.08212
-8.456083 29.77714 90.08212
-8.378199 29.56808 90.08212
-8.300314 29.35903 90.08212
-8.222429 29.14998 90.08212
-8.144545 28.94093 90.08212
-8.06666 28.73188 90.08212
-7.988775 28.52283 90.08212
-7.910891 28.31378 90.08212
-7.831588 28.10526 90.08212
-7.751833 27.89691 90.08212
-7.672078 27.68857 90.08212
-7.592323 27.48022 90.08212
-7.512568 27.27188 90.08212
-7.432814 27.06353 90.08212
-7.353058 26.85519 90.08212
-7.273304 26.64684 90.08212
-7.193549 26.4385 90.08212
-7.113793 26.23015 90.08212
-7.034039 26.02181 90.08212
-6.951754 25.81448 90.08212
-6.864976 25.60896 90.08212
-6.778198 25.40344 90.08212
-6.69142 25.19792 90.08212
-6.604641 24.9924 90.08212
-6.517863 24.78689 90.08212
-6.431085 24.58137 90.08212
-6.344307 24.37585 90.08212
-6.257529 24.17033 90.08212
-6.170751 23.96481 90.08212
-6.083972 23.75929 90.08212
-5.997194 23.55377 90.08212
-5.910417 23.34825 90.08212
-5.823344 23.14287 90.08212
-5.726038 22.94212 90.08212
-5.628731 22.74137 90.08212
-5.531425 22.54062 90.08212
-5.434118 22.33987 90.08212
-5.336812 22.13912 90.08212
-5.239505 21.93838 90.08212
-5.142199 21.73763 90.08212
-5.044892 21.53688 90.08212
-4.947586 21.33613 90.08212
-4.850279 21.13538 90.08212
-4.752973 20.93463 90.08212
-4.655666 20.73388 90.08212
-4.557066 20.53378 90.08212
-4.455282 20.33526 90.08212
-4.353498 20.13675 90.08212
-4.251714 19.93823 90.08212
-4.14993 19.73972 90.08212
-4.048146 19.5412 90.08212
-3.946362 19.34269 90.08212
-3.844578 19.14417 90.08212
-3.742794 18.94565 90.08212
-3.641011 18.74714 90.08212
-3.539226 18.54862 90.08212
-3.437442 18.35011 90.08212
-3.335659 18.15159 90.08212
-3.233874 17.95307 90.08212
-3.136873 17.75225 90.08212
-3.04492 17.549 90.08212
-2.952966 17.34574 90.08212
-2.861013 17.14248 90.08212
-2.769059 16.93923 90.08212
-2.677106 16.73597 90.08212
-2.585152 16.53272 90.08212
-2.493198 16.32946 90.08212
-2.401246 16.1262 90.08212
-2.309292 15.92295 90.08212
-2.217338 15.71969 90.08212
-2.125385 15.51644 90.08212
-2.033431 15.31318 90.08212
-1.941478 15.10992 90.08212
-1.849525 14.90667 90.08212
-1.757572 14.70341 90.08212
-1.665619 14.50015 90.08212
-1.573666 14.2969 90.08212
-1.481713 14.09364 90.08212
-1.38976 13.89038 90.08212
-1.297807 13.68713 90.08212
-1.205854 13.48387 90.08212
-1.124267 13.27626 90.08212
-1.043612 13.06827 90.08212
-0.9629573 12.86027 90.08212
-0.8823022 12.65227 90.08212
-0.8016477 12.44427 90.08212
-0.7209926 12.23627 90.08212
-0.6403362 12.02827 90.08212
-0.55968 11.82028 90.08212
-0.4790232 11.61228 90.08212
-0.3905036 11.40758 90.08212
-0.2985524 11.20432 90.08212
Stroke End
-30.78308 8.99175 90.08212
-30.25879 9.056119 90.08212
-29.73374 9.113768 90.08212
-29.20816 9.166578 90.08212
-28.68257 9.21939 90.08212
-28.15698 9.272201 90.08212
-27.6314 9.325011 90.08212
-27.10699 9.387325 90.08212
-26.5844 9.464334 90.08212
-26.06181 9.541343 90.08212
-25.53922 9.618351 90.08212
-25.01663 9.69536 90.08212
-24.49405 9.772368 90.08212
-23.97145 9.849377 90.08212
-23.44915 9.92823 90.08212
-22.92759 10.01191 90.08212
-22.40602 10.09558 90.08212
-21.88446 10.17926 90.08212
-21.3629 10.26293 90.08212
-20.84134 10.34661 90.08212
-20.31977 10.43028 90.08212
-19.79821 10.51396 90.08212
-19.27665 10.59764 90.08212
-18.75508 10.68131 90.08212
-18.23259 10.75866 90.08212
-17.70898 10.82839 90.08212
-17.18537 10.89811 90.08212
-16.66176 10.96784 90.08212
-16.13815 11.03756 90.08212
-15.61454 11.10729 90.08212
-15.09093 11.17701 90.08212
-14.56732 11.24674 90.08212
-14.04371 11.31646 90.08212
-13.52009 11.38618 90.08212
-12.99648 11.45591 90.08212
-12.47287 11.52563 90.08212
-11.94926 11.59536 90.08212
-11.42689 11.67305 90.08212
-10.90678 11.76531 90.08212
-10.38666 11.85756 90.08212
-9.866548 11.94982 90.08212
-9.346435 12.04208 90.08212
-8.826321 12.13434 90.08212
-8.306207 12.22659 90.08212
-7.786093 12.31885 90.08212
-7.26598 12.41111 90.08212
-6.745866 12.50337 90.08212
-6.225752 12.59562 90.08212
-5.705639 12.68788 90.08212
-5.185525 12.78014 90.08212
-4.66582 12.87464 90.08212
-4.14655 12.97153 90.08212
-3.62728 13.06843 90.08212
-3.10801 13.16532 90.08212
-2.58874 13.26222 90.08212
-2.069471 13.35911 90.08212
-1.550201 13.45601 90.08212
-1.030931 13.5529 90.08212
-0.5116609 13.64979 90.08212
0.007608992 13.74669 90.08212
0.526879 13.84358 90.08212
1.046149 13.94048 90.08212
1.565365 14.03765 90.08212
2.084404 14.13577 90.08212
2.603443 14.2339 90.08212
3.122482 14.33202 90.08212
3.641521 14.43014 90.08212
4.160561 14.52826 90.08212
4.6796 14.62639 90.08212
5.198638 14.72451 90.08212
5.717678 14.82263 90.08212
6.236717 14.92076 90.08212
6.755755 15.01888 90.08212
7.274795 15.117 90.08212
7.794316 15.21223 90.08212
8.317085 15.28801 90.08212
8.839855 15.36378 90.08212
9.362624 15.43955 90.08212
9.885394 15.51533 90.08212
10.40816 15.5911 90.08212
10.93093 15.66687 90.08212
11.4537 15.74265 90.08212
11.97647 15.81842 90.08212
12.49924 15.89419 90.08212
13.02267 15.96513 90.08212
13.54678 16.03095 90.08212
14.0709 16.09678 90.08212
14.59501 16.1626 90.08212
15.11913 16.22843 90.08212
15.64324 16.29425 90.08212
16.16736 16.36008 90.08212
16.69312 16.40859 90.08212
17.22024 16.44286 90.08212
17.74736 16.47713 90.08212
18.27546 16.48112 90.08212
18.8037 16.48112 90.08212
19.33193 16.48113 90.08212
19.86016 16.48113 90.08212
20.38839 16.48113 90.08212
20.91662 16.48113 90.08212
Stroke End
-14.83373 5.703716 90.08212
-14.77362 5.43798 90.08212
-14.71351 5.172243 90.08212
-14.65375 4.906429 90.08212
-14.59504 4.640381 90.08212
-14.53633 4.374332 90.08212
-14.47761 4.108284 90.08212
-14.4189 3.842236 90.08212
-14.36019 3.576188 90.08212
-14.30147 3.310139 90.08212
-14.24276 3.044091 90.08212
-14.18405 2.778043 90.08212
-14.12534 2.511995 90.08212
-14.06662 2.245947 90.08212
-14.00791 1.979898 90.08212
-13.9492 1.71385 90.08212
-13.89049 1.447802 90.08212
-13.83212 1.181679 90.08212
-13.77539 0.9152008 90.08212
-13.71866 0.6487234 90.08212
-13.66192 0.3822455 90.08212
-13.60519 0.1157682 90.08212
-13.54846 -0.1507097 90.08212
-13.48738 -0.4161527 90.08212
-13.41816 -0.6796623 90.08212
-13.34894 -0.9431724 90.08212
-13.27972 -1.206682 90.08212
-13.2105 -1.470192 90.08212
-13.14128 -1.733702 90.08212
-13.07206 -1.997212 90.08212
-13.00284 -2.260722 90.08212
-12.93362 -2.524232 90.08212
-12.8644 -2.787741 90.08212
-12.79518 -3.051251 90.08212
-12.72025 -3.313151 90.08212
-12.64158 -3.573996 90.08212
-12.56291 -3.83484 90.08212
-12.48424 -4.095685 90.08212
-12.40557 -4.356528 90.08212
-12.3269 -4.617373 90.08212
-12.24823 -4.878218 90.08212
-12.16956 -5.139062 90.08212
-12.09089 -5.399906 90.08212
-12.01221 -5.66075 90.08212
-11.93354 -5.921595 90.08212
-11.85487 -6.182439 90.08212
-11.7762 -6.443284 90.08212
-11.68616 -6.700423 90.08212
-11.5961 -6.957557 90.08212
-11.50604 -7.214692 90.08212
-11.41598 -7.471826 90.08212
-11.32592 -7.72896 90.08212
-11.23586 -7.986094 90.08212
-11.1458 -8.243229 90.08212
-11.05574 -8.500363 90.08212
-10.96568 -8.757498 90.08212
-10.87562 -9.014631 90.08212
-10.78556 -9.271766 90.08212
-10.69799 -9.529757 90.08212
-10.61045 -9.78776 90.08212
-10.5229 -10.04576 90.08212
-10.43536 -10.30377 90.08212
-10.34782 -10.56177 90.08212
-10.26028 -10.81977 90.08212
-10.17274 -11.07778 90.08212
-10.0852 -11.33578 90.08212
-9.99766 -11.59378 90.08212
-9.910119 -11.85178 90.08212
-9.822578 -12.10979 90.08212
-9.748451 -12.37177 90.08212
-9.681261 -12.6358 90.08212
-9.614072 -12.89983 90.08212
-9.546882 -13.16387 90.08212
-9.479692 -13.4279 90.08212
-9.412501 -13.69194 90.08211
-9.345311 -13.95597 90.08211
-9.278121 -14.22001 90.08211
-9.210931 -14.48404 90.08211
-9.14374 -14.74808 90.08211
-9.07655 -15.01211 90.08211
-9.007985 -15.27579 90.08211
-8.938466 -15.53922 90.08211
-8.868946 -15.80265 90.08211
-8.799426 -16.06608 90.08211
-8.729906 -16.32951 90.08211
-8.660386 -16.59294 90.08211
-8.590866 -16.85637 90.08211
-8.521346 -17.11981 90.08211
-8.455263 -17.38406 90.08211
-8.398533 -17.65054 90.08211
-8.341802 -17.91701 90.08211
-8.285071 -18.18349 90.08211
-8.22834 -18.44997 90.08211
-8.17161 -18.71645 90.08211
-8.121999 -18.98422 90.08211
-8.081371 -19.25362 90.08211
-8.040744 -19.52302 90.08211
-8.000116 -19.79243 90.08211
-7.956541 -20.06134 90.08211
-7.908027 -20.32944 90.08211
Stroke End
10.37121 11.09241 90.08212
10.41059 10.72248 90.08212
10.44996 10.35255 90.08212
10.48934 9.982615 90.08212
10.52872 9.612681 90.08212
10.5681 9.242748 90.08212
10.60748 8.872815 90.08212
10.64686 8.502883 90.08212
10.68624 8.13295 90.08212
10.70177 7.761751 90.08212
10.70177 7.389729 90.08212
10.70177 7.017705 90.08212
10.70177 6.645682 90.08212
10.68978 6.273945 90.08212
10.67208 5.902343 90.08212
10.65438 5.530742 90.08212
10.63669 5.15914 90.08212
10.61887 4.787546 90.08212
10.58534 4.417037 90.08212
10.55182 4.046528 90.08212
10.5183 3.676018 90.08212
10.48478 3.305509 90.08212
10.45125 2.935 90.08212
10.41773 2.564491 90.08212
10.38421 2.193981 90.08212
10.32095 1.828158 90.08212
10.23887 1.465303 90.08212
10.15679 1.102447 90.08212
10.07472 0.7395917 90.08212
9.992637 0.3767365 90.08212
9.910558 0.01388134 90.08212
9.828479 -0.3489748 90.08212
9.7464 -0.71183 90.08212
9.664321 -1.074685 90.08212
9.582242 -1.437541 90.08212
9.499178 -1.800171 90.08212
9.415288 -2.162611 90.08212
9.331398 -2.525052 90.08212
9.247507 -2.887494 90.08212
9.163617 -3.249934 90.08212
9.079726 -3.612375 90.08212
8.995836 -3.974817 90.08212
8.911946 -4.337257 90.08212
8.828055 -4.699698 90.08212
8.744165 -5.062139 90.08212
8.660275 -5.42458 90.08212
8.563415 -5.783669 90.08212
8.461207 -6.141378 90.08212
8.359001 -6.499085 90.08212
8.256794 -6.856793 90.08212
8.154588 -7.214501 90.08212
8.052382 -7.572208 90.08211
7.950175 -7.929916 90.08211
7.847968 -8.287623 90.08211
7.745761 -8.645333 90.08211
7.643369 -9.002978 90.08211
7.507815 -9.349426 90.08211
7.372262 -9.695873 90.08211
7.236708 -10.04232 90.08211
7.101154 -10.38877 90.08211
6.965601 -10.73522 90.08211
6.830047 -11.08167 90.08211
6.694493 -11.42811 90.08211
6.558939 -11.77456 90.08211
6.423386 -12.12101 90.08211
6.288394 -12.46768 90.08211
6.155076 -12.81499 90.08211
6.021758 -13.1623 90.08211
5.88844 -13.50962 90.08211
5.755122 -13.85693 90.08211
5.621804 -14.20425 90.08211
5.488486 -14.55156 90.08211
5.355168 -14.89888 90.08211
5.22185 -15.24619 90.08211
5.074378 -15.58748 90.08211
4.916366 -15.92428 90.08211
4.758354 -16.26108 90.08211
4.600342 -16.59787 90.08211
4.44233 -16.93467 90.08211
4.284318 -17.27147 90.08211
4.126306 -17.60827 90.08211
3.97076 -17.94618 90.08211
3.822561 -18.28741 90.08211
3.674363 -18.62864 90.08211
3.526165 -18.96988 90.08211
3.377967 -19.31111 90.08211
3.229769 -19.65234 90.08211
3.081571 -19.99357 90.08211
2.930494 -20.33352 90.08211
2.777151 -20.67247 90.08211
2.62381 -21.01142 90.08211
2.470467 -21.35037 90.08211
2.317126 -21.68932 90.08211
2.163784 -22.02827 90.08211
2.010444 -22.36723 90.08211
1.857106 -22.70618 90.08211
1.703761 -23.04513 90.08211
1.550417 -23.38408 90.08211
1.405636 -23.72651 90.08211
1.279316 -24.07641 90.08211
Stroke End
-38.79908 -30.92118 90.08211
-38.11811 -30.54488 90.08211
-37.39565 -30.26098 90.08211
-36.66193 -30.00218 90.08211
-35.9282 -29.74338 90.08211
-35.19448 -29.48458 90.08211
-34.46076 -29.22577 90.08211
-33.71863 -28.99395 90.08211
-32.96783 -28.78991 90.08211
-32.21704 -28.58586 90.08211
-31.46625 -28.38181 90.08211
-30.71545 -28.17776 90.08211
-29.96466 -27.97371 90.08211
-29.21387 -27.76966 90.08211
-28.4536 -27.60583 90.08211
-27.69065 -27.45344 90.08211
-26.92769 -27.30105 90.08211
-26.16473 -27.14866 90.08211
-25.40178 -26.99627 90.08211
-24.63882 -26.84388 90.08211
-23.87586 -26.69149 90.08211
-23.1129 -26.5391 90.08211
-22.34995 -26.38671 90.08211
-21.58552 -26.24195 90.08211
-20.82069 -26.09924 90.08211
-20.05586 -25.95653 90.08211
-19.29104 -25.81382 90.08211
-18.52621 -25.67111 90.08211
-17.76138 -25.5284 90.08211
-16.99656 -25.38569 90.08211
-16.23173 -25.24298 90.08211
-15.46379 -25.11989 90.08211
-14.69233 -25.01904 90.08211
-13.92087 -24.91819 90.08211
-13.1494 -24.81734 90.08211
-12.37794 -24.71649 90.08211
-11.60647 -24.61563 90.08211
-10.83501 -24.51479 90.08211
-10.06355 -24.41393 90.08211
-9.292086 -24.31308 90.08211
-8.520623 -24.21223 90.08211
-7.748976 -24.1128 90.08211
-6.97715 -24.01475 90.08211
-6.205327 -23.9167 90.08211
-5.433503 -23.81866 90.08211
-4.661679 -23.72061 90.08211
-3.889855 -23.62256 90.08211
-3.118031 -23.52451 90.08211
-2.346204 -23.42646 90.08211
-1.57438 -23.32841 90.08211
-0.8019161 -23.23637 90.08211
-0.02674815 -23.16974 90.08211
0.7484198 -23.10311 90.08211
1.523588 -23.03647 90.08211
2.298756 -22.96984 90.08211
3.073927 -22.9032 90.08211
3.849096 -22.83657 90.08211
4.624263 -22.76993 90.08211
5.399431 -22.7033 90.08211
6.174599 -22.63667 90.08211
6.951094 -22.59104 90.08211
7.728489 -22.5596 90.08211
8.50588 -22.52817 90.08211
9.283271 -22.49673 90.08211
10.06066 -22.4653 90.08211
10.83805 -22.43387 90.08211
11.61544 -22.40243 90.08211
12.39284 -22.371 90.08211
13.17023 -22.33956 90.08211
13.94818 -22.33579 90.08211
14.72621 -22.33579 90.08211
15.50423 -22.33579 90.08211
16.28226 -22.33579 90.08211
17.06025 -22.34087 90.08211
17.83818 -22.35298 90.08211
18.61612 -22.36509 90.08211
19.39405 -22.37719 90.08211
20.17198 -22.3893 90.08211
20.94991 -22.40141 90.08211
21.72785 -22.41352 90.08211
22.50578 -22.42563 90.08211
23.28337 -22.45143 90.08211
24.0609 -22.47915 90.08211
24.83843 -22.50687 90.08211
25.61597 -22.53459 90.08211
26.3935 -22.56231 90.08211
27.17103 -22.59004 90.08211
27.94843 -22.621 90.08211
28.72548 -22.66004 90.08211
29.50252 -22.69908 90.08211
30.27957 -22.73812 90.08211
31.05662 -22.77715 90.08211
31.83342 -22.82066 90.08211
32.61006 -22.86706 90.08211
33.3867 -22.91345 90.08211
34.16335 -22.95985 90.08211
34.93742 -23.03542 90.08211
35.71024 -23.12533 90.08211
36.47467 -23.26507 90.0821
37.23414 -23.43373 90.0821
Stroke End
