5
-16.32124 22.32649 90.08212
-15.81735 22.3272 90.08212
-15.31539 22.37158 90.08212
-14.81344 22.41597 90.08212
-14.31148 22.46035 90.08212
-13.80952 22.50473 90.08212
-13.30918 22.56445 90.08212
-12.80902 22.62588 90.08212
-12.30886 22.6873 90.08212
-11.80871 22.74872 90.08212
-11.30855 22.81014 90.08212
-10.80839 22.87156 90.08212
-10.3119 22.95758 90.08212
-9.815597 23.04485 90.08212
-9.319294 23.1321 90.08212
-8.82299 23.21937 90.08212
-8.326687 23.30663 90.08212
-7.830384 23.39389 90.08212
-7.334081 23.48115 90.08212
-6.836872 23.56298 90.08212
-6.339122 23.64157 90.08212
-5.841372 23.72016 90.08212
-5.343622 23.79875 90.08212
-4.845872 23.87734 90.08212
-4.348122 23.95593 90.08212
-3.850373 24.03452 90.08212
-3.352623 24.11311 90.08212
-2.854872 24.1917 90.08212
-2.357511 24.27264 90.08212
-1.860945 24.35839 90.08212
-1.364378 24.44415 90.08212
-0.8678121 24.5299 90.08212
-0.3712462 24.61565 90.08212
0.1253199 24.7014 90.08212
0.6218857 24.78716 90.08212
1.118452 24.87291 90.08212
1.615018 24.95866 90.08212
2.111586 25.04441 90.08212
2.608151 25.13016 90.08212
3.105275 25.21259 90.08212
3.602664 25.29343 90.08212
4.100053 25.37427 90.08212
4.597442 25.45511 90.08212
5.094831 25.53596 90.08212
5.592221 25.6168 90.08212
6.089611 25.69764 90.08212
6.586999 25.77848 90.08212
7.084388 25.85932 90.08212
7.581777 25.94016 90.08212
8.079166 26.02101 90.08212
8.576617 26.10146 90.08212
9.07417 26.18129 90.08212
9.571724 26.26111 90.08212
10.06928 26.34094 90.08212
10.56683 26.42076 90.08212
11.06438 26.50059 90.08212
11.56194 26.58041 90.08212
12.05949 26.66024 90.08212
12.55704 26.74006 90.08212
13.0546 26.81989 90.08212
13.55214 26.8998 90.08212
14.04953 26.98063 90.08212
14.54692 27.06147 90.08212
15.04431 27.14231 90.08212
15.5417 27.22315 90.08212
16.03909 27.30399 90.08212
16.53672 27.38327 90.08212
17.03468 27.46052 90.08212
17.53264 27.53776 90.08212
18.03061 27.61501 90.08212
18.52856 27.69225 90.08212
19.02653 27.7695 90.08212
19.52448 27.84674 90.08212
20.02245 27.92398 90.08212
20.52041 28.00123 90.08212
21.01837 28.07847 90.08212
21.5127 28.17623 90.08212
22.00693 28.27455 90.08212
22.50116 28.37288 90.08212
22.99539 28.4712 90.08212
23.48962 28.56952 90.08212
23.98385 28.66784 90.08212
24.47808 28.76616 90.08212
24.97231 28.86449 90.08212
25.46605 28.96522 90.08212
25.95949 29.06747 90.08212
26.45292 29.16972 90.08212
26.94635 29.27197 90.08212
27.43979 29.37422 90.08212
27.93269 29.4789 90.08212
28.42405 29.5907 90.08212
28.91541 29.7025 90.08212
29.40676 29.8143 90.08212
29.89812 29.92611 90.08212
30.38948 30.03791 90.08212
30.88467 30.12919 90.08212
31.38321 30.20266 90.08212
31.8816 30.27699 90.08212
32.37758 30.36386 90.08212
32.8815 30.36386 90.08212
Stroke End
3.842716 19.58647 90.08212
3.7651 18.98599 90.08212
3.622041 18.39792 90.08212
3.474456 17.81071 90.08212
3.325086 17.22397 90.08212
3.164338 16.64022 90.08212
3.003589 16.05648 90.08212
2.842841 15.47273 90.08212
2.657764 14.89673 90.08212
2.45171 14.3274 90.08212
2.214383 13.77045 90.08212
1.974802 13.21439 90.08212
1.735221 12.65833 90.08212
1.498667 12.10099 90.08212
1.265349 11.54228 90.08212
1.03203 10.98356 90.08212
0.7987123 10.42485 90.08212
0.5671235 9.865427 90.08212
0.3412228 9.303674 90.08212
0.1153217 8.74192 90.08212
-0.1105791 8.180166 90.08212
-0.3364798 7.618412 90.08212
-0.6182023 7.083135 90.08212
-0.9102957 6.552777 90.08212
-1.202389 6.022419 90.08212
-1.494483 5.49206 90.08212
-1.831559 4.989461 90.08212
-2.174629 4.490561 90.08212
-2.5177 3.991661 90.08212
-2.860769 3.492762 90.08212
-3.202897 2.993217 90.08212
-3.542882 2.492211 90.08212
-3.882868 1.991203 90.08212
-4.222854 1.490195 90.08212
-4.562839 0.9891888 90.08212
-4.903445 0.4886047 90.08212
-5.246511 -0.01029635 90.08212
-5.58958 -0.509199 90.08212
-5.932648 -1.008102 90.08212
-6.275714 -1.507003 90.08212
-6.633337 -1.995379 90.08212
-6.99971 -2.477425 90.08212
-7.366084 -2.959473 90.08212
-7.732458 -3.44152 90.08212
-8.09883 -3.923567 90.08212
-8.493056 -4.382938 90.08212
-8.890803 -4.83944 90.08212
-9.288551 -5.295944 90.08212
-9.686297 -5.752447 90.08212
-10.08405 -6.208951 90.08212
-10.48998 -6.658046 90.08212
-10.90458 -7.099299 90.08212
-11.31918 -7.540553 90.08212
-11.73378 -7.981807 90.08212
-12.14838 -8.423059 90.08212
-12.56394 -8.86339 90.08212
-12.98778 -9.295785 90.08212
-13.41161 -9.728177 90.08212
-13.83544 -10.16057 90.08212
-14.25928 -10.59296 90.08212
-14.68327 -11.02519 90.08212
-15.11178 -11.45295 90.08212
-15.54029 -11.88071 90.08212
-15.9688 -12.30848 90.08212
-16.39731 -12.73624 90.08212
-16.82582 -13.16399 90.08212
-17.25403 -13.59205 90.08212
-17.67719 -14.0251 90.08212
-18.10036 -14.45815 90.08212
-18.52352 -14.89119 90.08211
-18.94669 -15.32424 90.08211
-19.36985 -15.75728 90.08211
-19.7707 -16.21079 90.08211
-20.16538 -16.66995 90.08211
-20.56005 -17.12911 90.08211
-20.95473 -17.58827 90.08211
-21.35871 -18.03923 90.08211
-21.76495 -18.4882 90.08211
-22.19081 -18.91792 90.08211
-22.63165 -19.33296 90.08211
-23.07249 -19.748 90.08211
-23.51333 -20.16304 90.08211
-23.95416 -20.57808 90.08211
-24.39283 -20.99541 90.08211
-24.82938 -21.41496 90.08211
-25.26593 -21.8345 90.08211
-25.70249 -22.25406 90.08211
-26.13793 -22.67473 90.08211
-26.5672 -23.10173 90.08211
-26.99648 -23.52872 90.08211
-27.42575 -23.95571 90.08211
-27.85813 -24.37951 90.08211
-28.29768 -24.79591 90.08211
-28.73724 -25.21231 90.08211
-29.17679 -25.62872 90.08211
-29.6184 -26.04292 90.08211
-30.07015 -26.44567 90.08211
-30.54207 -26.82501 90.08211
-31.02783 -27.1847 90.08211
-31.54381 -27.5015 90.08211
Stroke End
-2.437855 -6.626365 90.08212
-2.497737 -6.824909 90.08212
-2.557619 -7.023453 90.08212
-2.615586 -7.222533 90.08212
-2.66749 -7.42331 90.08212
-2.719394 -7.624087 90.08212
-2.771298 -7.824865 90.08212
-2.823203 -8.025642 90.08212
-2.875107 -8.226419 90.08212
-2.927011 -8.427197 90.08212
-2.971315 -8.629765 90.08212
-3.014497 -8.832597 90.08212
-3.057679 -9.035429 90.08212
-3.100861 -9.238261 90.08212
-3.144043 -9.441093 90.08212
-3.187225 -9.643926 90.08212
-3.230407 -9.846758 90.08212
-3.269091 -10.05031 90.08212
-3.291476 -10.25648 90.08212
-3.313861 -10.46264 90.08212
-3.336246 -10.66881 90.08212
-3.35863 -10.87498 90.08212
-3.381015 -11.08114 90.08212
-3.4034 -11.28731 90.08211
-3.425785 -11.49347 90.08211
-3.44817 -11.69964 90.08211
-3.470555 -11.90581 90.08211
-3.49294 -12.11197 90.08211
-3.512994 -12.3183 90.08211
-3.518855 -12.52559 90.08211
-3.524716 -12.73289 90.08211
-3.530577 -12.94018 90.08211
-3.536438 -13.14748 90.08211
-3.542299 -13.35477 90.08211
-3.54816 -13.56207 90.08211
-3.554021 -13.76936 90.08211
-3.559881 -13.97666 90.08211
-3.565742 -14.18395 90.08211
-3.571603 -14.39125 90.08211
-3.577464 -14.59854 90.08211
-3.583325 -14.80584 90.08211
-3.589186 -15.01313 90.08211
-3.594532 -15.22043 90.08211
-3.588065 -15.4277 90.08211
-3.581599 -15.63498 90.08211
-3.575132 -15.84226 90.08211
-3.568666 -16.04954 90.08211
-3.562199 -16.25681 90.08211
-3.555732 -16.46409 90.08211
-3.549266 -16.67137 90.08211
-3.542799 -16.87864 90.08211
-3.536333 -17.08592 90.08211
-3.529866 -17.2932 90.08211
-3.5234 -17.50047 90.08211
-3.516933 -17.70775 90.08211
-3.510626 -17.91503 90.08211
-3.504765 -18.12233 90.08211
-3.498903 -18.32962 90.08211
-3.493041 -18.53692 90.08211
-3.48718 -18.74421 90.08211
-3.481318 -18.95151 90.08211
-3.475456 -19.1588 90.08211
-3.469595 -19.3661 90.08211
-3.463733 -19.57339 90.08211
-3.457872 -19.78069 90.08211
-3.45201 -19.98798 90.08211
-3.446149 -20.19528 90.08211
-3.440287 -20.40257 90.08211
-3.434426 -20.60987 90.08211
-3.429527 -20.81718 90.08211
-3.429527 -21.02456 90.08211
-3.429527 -21.23193 90.08211
-3.429527 -21.43931 90.08211
-3.429527 -21.64669 90.08211
-3.429527 -21.85406 90.08211
-3.429527 -22.06145 90.08211
-3.406261 -22.26751 90.08211
-3.382955 -22.47358 90.08211
-3.35965 -22.67964 90.08211
-3.336344 -22.8857 90.08211
-3.313038 -23.09177 90.08211
-3.289733 -23.29783 90.08211
-3.266427 -23.50389 90.08211
-3.243121 -23.70996 90.08211
-3.219816 -23.91602 90.08211
-3.19651 -24.12209 90.08211
-3.173204 -24.32815 90.08211
-3.149898 -24.53422 90.08211
-3.126593 -24.74028 90.08211
-3.103287 -24.94634 90.08211
-3.077309 -25.15208 90.08211
-3.050725 -25.35775 90.08211
-3.02414 -25.56342 90.08211
-2.987458 -25.76742 90.08211
-2.946577 -25.97073 90.08211
-2.905696 -26.17403 90.08211
-2.864815 -26.37734 90.08211
-2.804245 -26.57514 90.08211
-2.733675 -26.77014 90.08211
-2.685778 -26.96912 90.08211
Stroke End
-1.694102 -6.900364 90.08212
-1.126961 -6.626133 90.08212
-0.5598205 -6.351902 90.08212
0.03534083 -6.153401 90.08212
0.6443904 -5.992436 90.08212
1.25344 -5.831471 90.08212
1.862489 -5.670506 90.08212
2.471539 -5.509541 90.08212
3.080589 -5.348576 90.08212
3.692617 -5.200078 90.08212
4.308642 -5.068303 90.08212
4.924667 -4.936528 90.08212
5.540691 -4.804753 90.08212
6.156716 -4.672978 90.08212
6.772741 -4.541203 90.08212
7.388766 -4.409428 90.08212
8.00479 -4.277653 90.08212
8.620889 -4.146227 90.08212
9.237583 -4.017625 90.08212
9.85428 -3.889023 90.08212
10.47097 -3.76042 90.08212
11.08767 -3.631818 90.08212
11.70436 -3.503216 90.08212
12.32106 -3.374614 90.08212
12.93776 -3.246046 90.08212
13.55538 -3.121939 90.08212
14.17299 -2.997833 90.08212
14.79061 -2.873727 90.08212
15.40822 -2.74962 90.08212
16.02584 -2.625513 90.08212
16.64345 -2.501407 90.08212
17.26107 -2.3773 90.08212
17.87868 -2.253194 90.08212
18.49735 -2.135228 90.08212
19.12095 -2.045887 90.08212
19.74454 -1.956546 90.08212
20.36814 -1.867204 90.08212
20.99173 -1.777863 90.08212
21.61532 -1.688521 90.08212
22.23892 -1.59918 90.08212
22.86263 -1.511037 90.08212
23.49183 -1.480129 90.08212
24.12103 -1.449222 90.08212
24.75023 -1.418314 90.08212
25.37944 -1.387407 90.08212
26.00864 -1.356499 90.08212
26.63737 -1.337783 90.08212
27.26227 -1.417472 90.08212
27.88717 -1.497161 90.08212
28.51207 -1.57685 90.08212
29.11964 -1.733848 90.08212
29.71874 -1.928598 90.08212
30.30224 -2.159287 90.08212
30.8456 -2.477528 90.08212
31.32246 -2.873333 90.08212
31.63182 -3.416773 90.08211
31.85915 -4.003021 90.08211
31.90289 -4.63146 90.08211
31.93466 -5.259981 90.08211
31.89909 -5.888935 90.08211
31.86352 -6.517893 90.08211
31.76456 -7.139348 90.08211
31.65238 -7.759242 90.08211
31.54021 -8.379133 90.08211
31.423 -8.998095 90.08211
31.30512 -9.61693 90.08211
31.18603 -10.23551 90.08211
31.05235 -10.85113 90.08211
30.91867 -11.46674 90.08211
30.78498 -12.08236 90.08211
30.64437 -12.69635 90.08211
30.49181 -13.30756 90.08211
30.33925 -13.91877 90.08211
30.1867 -14.52998 90.08211
30.03293 -15.14085 90.08211
29.84464 -15.74202 90.08211
29.65635 -16.34318 90.08211
29.46807 -16.94435 90.08211
29.27318 -17.54295 90.08211
29.00616 -18.11351 90.08211
28.73913 -18.68409 90.08211
28.4721 -19.25466 90.08211
28.20508 -19.82522 90.08211
27.92431 -20.38889 90.08211
27.62618 -20.94384 90.08211
27.32804 -21.49879 90.08211
27.02991 -22.05373 90.08211
26.73178 -22.60868 90.08211
26.42968 -23.1614 90.08211
26.10892 -23.70358 90.08211
25.78817 -24.24577 90.08211
25.46741 -24.78796 90.08211
25.14666 -25.33015 90.08211
24.82701 -25.87299 90.08211
24.50765 -26.416 90.0821
24.1883 -26.95901 90.0821
23.86244 -27.49808 90.0821
23.52802 -28.03195 90.0821
23.1896 -28.5632 90.0821
22.8628 -29.10087 90.0821
Stroke End
-2.520499 -27.26782 90.08211
-2.213897 -27.23215 90.08211
-1.907295 -27.19649 90.08211
-1.600693 -27.16082 90.08211
-1.294091 -27.12515 90.08211
-0.9874889 -27.08949 90.08211
-0.6810926 -27.0521 90.08211
-0.3747244 -27.01448 90.08211
-0.06835633 -26.97685 90.08211
0.2380119 -26.93923 90.08211
0.5444117 -26.90192 90.08211
0.8521239 -26.87763 90.08211
1.159836 -26.85334 90.08211
1.467548 -26.82905 90.08211
1.77526 -26.80476 90.08211
2.082972 -26.78046 90.08211
2.390684 -26.75617 90.08211
2.698397 -26.73188 90.08211
3.006109 -26.70759 90.08211
3.313821 -26.6833 90.08211
3.621533 -26.659 90.08211
3.929245 -26.63471 90.08211
4.236477 -26.60511 90.08211
4.543543 -26.57369 90.08211
4.850608 -26.54227 90.08211
5.157674 -26.51084 90.08211
5.46474 -26.47942 90.08211
5.771806 -26.448 90.08211
6.078872 -26.41657 90.08211
6.385938 -26.38515 90.08211
6.693004 -26.35373 90.08211
7.00007 -26.3223 90.08211
7.307136 -26.29088 90.08211
7.614201 -26.25945 90.08211
7.921267 -26.22803 90.08211
8.228333 -26.19661 90.08211
8.535512 -26.1664 90.08211
8.843113 -26.14075 90.08211
9.150715 -26.11509 90.08211
9.458316 -26.08943 90.08211
9.765918 -26.06377 90.08211
10.07352 -26.03812 90.08211
10.38112 -26.01246 90.08211
10.68872 -25.9868 90.08211
10.99632 -25.96115 90.08211
11.30392 -25.93549 90.08211
11.61153 -25.90983 90.08211
11.91913 -25.88417 90.08211
12.22673 -25.85852 90.08211
12.53433 -25.83286 90.08211
12.84193 -25.8072 90.08211
13.15013 -25.7902 90.08211
13.45834 -25.77345 90.08211
13.76656 -25.75669 90.08211
14.07477 -25.73994 90.08211
14.38299 -25.72319 90.08211
14.6912 -25.70643 90.08211
14.99942 -25.68968 90.08211
15.30763 -25.67292 90.08211
15.61584 -25.65617 90.08211
15.92406 -25.63941 90.08211
16.23228 -25.62266 90.08211
16.54049 -25.60591 90.08211
16.8487 -25.58915 90.08211
17.15692 -25.5724 90.08211
17.46513 -25.55564 90.08211
17.77335 -25.53889 90.08211
18.08161 -25.52313 90.08211
18.38991 -25.50799 90.08211
18.69821 -25.49284 90.08211
19.00651 -25.4777 90.08211
19.3148 -25.46256 90.08211
19.6231 -25.44741 90.08211
19.9314 -25.43227 90.08211
20.2397 -25.41713 90.08211
20.54799 -25.40198 90.08211
20.85629 -25.38684 90.08211
21.16459 -25.3717 90.08211
21.47289 -25.35656 90.08211
21.78131 -25.35522 90.08211
22.08982 -25.36496 90.08211
22.39834 -25.3747 90.08211
22.70685 -25.38445 90.08211
23.01537 -25.39419 90.08211
23.32389 -25.40393 90.08211
23.6324 -25.41368 90.08211
23.94092 -25.42342 90.08211
24.24943 -25.43316 90.08211
24.55774 -25.44624 90.08211
24.86511 -25.47455 90.08211
25.17248 -25.50286 90.08211
25.47985 -25.53117 90.08211
25.78722 -25.55947 90.0821
26.09459 -25.58778 90.0821
26.40195 -25.61609 90.0821
26.70932 -25.6444 90.0821
27.01669 -25.67271 90.0821
27.32406 -25.70102 90.0821
27.62491 -25.7617 90.0821
27.91925 -25.85464 90.0821
Stroke End
