10
fire
120
-33.01435 26.98452 90.08213
-32.63037 26.98452 90.08213
-32.2464 26.98452 90.08213
-31.86243 26.98452 90.08213
-31.4792 27.00559 90.08213
-31.0962 27.0329 90.08213
-30.7132 27.06021 90.08213
-30.3302 27.08752 90.08213
-29.9472 27.11483 90.08213
-29.5642 27.14214 90.08213
-29.18116 27.16886 90.08213
-28.79772 27.18904 90.08213
-28.41428 27.20922 90.08213
-28.03083 27.2294 90.08213
-27.64739 27.24958 90.08213
-27.26534 27.28532 90.08213
-26.88439 27.33344 90.08213
-26.50345 27.38155 90.08213
-26.1225 27.42967 90.08213
-25.74155 27.47779 90.08213
-25.36061 27.5259 90.08213
-24.97966 27.57402 90.08213
-24.59871 27.62214 90.08213
-24.2192 27.68047 90.08213
-23.83975 27.73919 90.08213
-23.46029 27.7979 90.08213
-23.08083 27.85661 90.08213
-22.70137 27.91533 90.08213
-22.32191 27.97404 90.08213
-21.94246 28.03275 90.08213
-21.563 28.09146 90.08213
-21.18354 28.15018 90.08213
-20.80408 28.20889 90.08213
-20.42472 28.26815 90.08213
-20.04646 28.33416 90.08213
-19.6682 28.40017 90.08213
-19.28995 28.46618 90.08213
-18.91169 28.53219 90.08213
-18.53343 28.5982 90.08213
-18.15518 28.66422 90.08213
-17.77692 28.73022 90.08213
-17.39866 28.79623 90.08213
-17.02155 28.86844 90.08213
-16.64479 28.94247 90.08213
-16.26802 29.01649 90.08213
-15.89125 29.09052 90.08213
-15.51448 29.16455 90.08213
-15.13771 29.23857 90.08213
-14.76094 29.3126 90.08213
-14.38417 29.38663 90.08213
-14.0074 29.46065 90.08213
-13.63063 29.53468 90.08213
-13.2514 29.5947 90.08213
-12.87192 29.65323 90.08213
-12.49243 29.71175 90.08213
-12.11294 29.77028 90.08213
-11.73345 29.8288 90.08213
-11.35397 29.88732 90.08213
-10.97448 29.94585 90.08213
-10.59499 30.00437 90.08213
-10.21551 30.0629 90.08213
-9.837028 30.12737 90.08213
-9.459407 30.19693 90.08213
-9.081788 30.26649 90.08213
-8.704166 30.33605 90.08213
-8.326546 30.4056 90.08213
-7.948926 30.47516 90.08213
-7.571305 30.54472 90.08213
-7.193686 30.61428 90.08213
-6.81656 30.68645 90.08213
-6.439689 30.75995 90.08213
-6.062816 30.83346 90.08213
-5.685946 30.90696 90.08213
-5.309072 30.98047 90.08213
-4.9322 31.05397 90.08213
-4.555329 31.12748 90.08213
-4.180355 31.20865 90.08213
-3.81272 31.31946 90.08213
-3.445082 31.43027 90.08213
-3.075638 31.53482 90.08213
-2.705532 31.63708 90.08213
-2.335427 31.73935 90.08213
-1.965323 31.84161 90.08213
-1.595217 31.94387 90.08213
-1.225111 32.04613 90.08213
-0.8536678 32.14326 90.08213
-0.4807779 32.23485 90.08213
-0.1078881 32.32643 90.08213
0.2650056 32.41802 90.08213
0.6378959 32.5096 90.08213
1.010787 32.60118 90.08213
1.384053 32.69122 90.08213
1.757691 32.77971 90.08213
2.131328 32.86819 90.08213
2.500512 32.97192 90.08213
2.863041 33.09845 90.08213
3.225566 33.22498 90.08213
3.588091 33.35151 90.08213
3.951148 33.47636 90.08213
4.317913 33.58798 90.08213
Stroke End
-16.32123 25.06649 90.08212
-16.34992 24.74948 90.08212
-16.3786 24.43246 90.08212
-16.41191 24.11615 90.08212
-16.47946 23.80509 90.08212
-16.547 23.49403 90.08212
-16.61455 23.18297 90.08212
-16.6821 22.87191 90.08212
-16.74965 22.56084 90.08212
-16.8172 22.24978 90.08212
-16.88474 21.93872 90.08212
-16.99158 21.63968 90.08212
-17.10958 21.34405 90.08212
-17.22759 21.04842 90.08212
-17.3456 20.75279 90.08212
-17.46361 20.45716 90.08212
-17.58161 20.16153 90.08212
-17.69962 19.8659 90.08212
-17.81763 19.57027 90.08212
-17.93564 19.27464 90.08212
-18.05364 18.97902 90.08212
-18.17612 18.68532 90.08212
-18.31041 18.39672 90.08212
-18.4447 18.10812 90.08212
-18.57899 17.81953 90.08212
-18.71329 17.53093 90.08212
-18.84758 17.24234 90.08212
-18.98187 16.95374 90.08212
-19.11617 16.66514 90.08212
-19.25046 16.37655 90.08212
-19.38475 16.08795 90.08212
-19.51904 15.79936 90.08212
-19.65475 15.51144 90.08212
-19.79624 15.2263 90.08212
-19.93772 14.94116 90.08212
-20.0792 14.65602 90.08212
-20.22068 14.37088 90.08212
-20.36216 14.08574 90.08212
-20.50364 13.8006 90.08212
-20.64512 13.51546 90.08212
-20.7866 13.23032 90.08212
-20.92808 12.94518 90.08212
-21.06764 12.65911 90.08212
-21.20193 12.37051 90.08212
-21.33622 12.08192 90.08212
-21.47051 11.79332 90.08212
-21.60481 11.50472 90.08212
-21.7391 11.21613 90.08212
-21.87339 10.92753 90.08212
-22.00768 10.63894 90.08212
-22.14198 10.35034 90.08212
-22.27627 10.06174 90.08212
-22.41056 9.773147 90.08212
-22.54821 9.486242 90.08212
-22.70008 9.206495 90.08212
-22.85195 8.926748 90.08212
-23.00381 8.647003 90.08212
-23.15568 8.367256 90.08212
-23.30755 8.087509 90.08212
-23.45942 7.807762 90.08212
-23.61129 7.528015 90.08212
-23.76315 7.248268 90.08212
-23.91502 6.968522 90.08212
-24.07878 6.696106 90.08212
-24.26061 6.434845 90.08212
-24.44245 6.173584 90.08212
-24.62429 5.912324 90.08212
-24.80613 5.651065 90.08212
-24.98797 5.389804 90.08212
-25.1698 5.128543 90.08212
-25.35164 4.867283 90.08212
-25.53348 4.606022 90.08212
-25.71992 4.348171 90.08212
-25.91675 4.09801 90.08212
-26.11358 3.847847 90.08212
-26.3104 3.597684 90.08212
-26.50723 3.347521 90.08212
-26.70406 3.097358 90.08212
-26.90088 2.847196 90.08212
-27.09771 2.597034 90.08212
-27.29454 2.346872 90.08212
-27.4749 2.084668 90.08212
-27.65364 1.821274 90.08212
-27.83237 1.557881 90.08212
-28.01111 1.294487 90.08212
-28.1995 1.038011 90.08212
-28.39114 0.7838513 90.08212
-28.58278 0.529692 90.08212
-28.77442 0.2755327 90.08212
-28.96606 0.02137341 90.08212
-29.1577 -0.2327859 90.08212
-29.35548 -0.48186 90.08212
-29.56905 -0.7178944 90.08212
-29.78261 -0.9539289 90.08212
-29.99618 -1.189963 90.08212
-30.20974 -1.425998 90.08212
-30.42331 -1.662034 90.08212
-30.63687 -1.898068 90.08212
-30.86187 -2.121867 90.08212
-31.11172 -2.319102 90.08212
Stroke End
-21.1143 14.10643 90.08212
-20.49339 14.06607 90.08212
-19.87247 14.02572 90.08212
-19.25269 13.97122 90.08212
-18.63331 13.9117 90.08212
-18.01394 13.85217 90.08212
-17.39329 13.85541 90.08212
-16.77201 13.88974 90.08212
-16.15073 13.92407 90.08212
-15.52945 13.95841 90.08212
-14.90817 13.99274 90.08212
-14.28707 14.03005 90.08212
-13.66632 14.07291 90.08212
-13.04661 14.12559 90.08212
-12.43061 14.21343 90.08212
-11.81462 14.30128 90.08212
-11.19862 14.38912 90.08212
-10.58292 14.47872 90.08212
-9.971873 14.59618 90.08212
-9.360832 14.71363 90.08212
-8.74979 14.83109 90.08212
-8.133259 14.91472 90.08212
-7.516431 14.99652 90.08212
-6.899603 15.07832 90.08212
-6.282535 15.15828 90.08212
-5.665307 15.237 90.08212
-5.048077 15.31572 90.08212
-4.431159 15.3966 90.08212
-3.815193 15.47644 90.08212
-3.192965 15.47644 90.08212
-2.570738 15.47644 90.08212
-2.272578 15.15237 90.08212
-2.311929 14.53267 90.08212
-2.437376 13.92535 90.08212
-2.624245 13.33244 90.08212
-2.896768 12.77307 90.08212
-3.169292 12.21369 90.08212
-3.437046 11.65202 90.08212
-3.704573 11.09024 90.08212
-3.972101 10.52846 90.08212
-4.274673 9.984979 90.08212
-4.582676 9.444328 90.08212
-4.89068 8.903679 90.08212
-5.198683 8.363029 90.08212
-5.510764 7.824769 90.08212
-5.832153 7.291967 90.08212
-6.153541 6.759165 90.08212
-6.47493 6.226363 90.08212
-6.796319 5.693562 90.08212
-7.123223 5.16434 90.08212
-7.478674 4.653632 90.08212
-7.834126 4.142923 90.08212
-8.189578 3.632213 90.08212
-8.545029 3.121507 90.08212
-8.900478 2.6108 90.08212
-9.255931 2.10009 90.08212
-9.615853 1.592656 90.08212
-9.995188 1.099426 90.08212
-10.37452 0.606199 90.08212
-10.75385 0.1129686 90.08212
-11.13975 -0.3750634 90.08212
-11.53266 -0.8575539 90.08212
-11.92556 -1.340042 90.08212
-12.31846 -1.822532 90.08212
-12.71136 -2.30502 90.08212
-13.10426 -2.787507 90.08212
-13.49717 -3.269998 90.08212
-13.89007 -3.752485 90.08212
-14.30538 -4.215741 90.08212
-14.72285 -4.677135 90.08212
-15.14032 -5.138533 90.08212
-15.55779 -5.599927 90.08212
-15.97526 -6.061324 90.08212
-16.39273 -6.522718 90.08212
-16.81021 -6.984115 90.08212
-17.22768 -7.445509 90.08212
-17.64902 -7.903321 90.08212
-18.07619 -8.35576 90.08212
-18.50335 -8.808195 90.08212
-18.93052 -9.260633 90.08212
-19.35768 -9.71307 90.08212
-19.78485 -10.16551 90.08212
-20.21201 -10.61794 90.08212
-20.63918 -11.07038 90.08212
-21.06634 -11.52282 90.08212
-21.4924 -11.97628 90.08212
-21.90987 -12.43767 90.08212
-22.32734 -12.89907 90.08212
-22.74481 -13.36047 90.08212
-23.18701 -13.79776 90.08212
-23.6375 -14.22698 90.08212
-24.08799 -14.65619 90.08212
-24.53849 -15.08541 90.08212
-24.98898 -15.51462 90.08212
-25.44734 -15.9352 90.08212
-25.91619 -16.34429 90.08212
-26.38503 -16.75338 90.08212
-26.85644 -17.15928 90.08212
-27.35738 -17.52837 90.08211
-27.86008 -17.89493 90.08211
Stroke End
-23.26292 5.886388 90.08212
-23.14396 5.745519 90.08212
-23.025 5.60465 90.08212
-22.90604 5.463781 90.08212
-22.78708 5.322912 90.08212
-22.66813 5.182044 90.08212
-22.54917 5.041175 90.08212
-22.43021 4.900306 90.08212
-22.31125 4.759437 90.08212
-22.19229 4.618568 90.08212
-22.07059 4.480186 90.08212
-21.94167 4.348381 90.08212
-21.81274 4.216575 90.08212
-21.68381 4.084769 90.08212
-21.55488 3.952963 90.08212
-21.42595 3.821157 90.08212
-21.29702 3.689352 90.08212
-21.16809 3.557546 90.08212
-21.03917 3.42574 90.08212
-20.91024 3.293934 90.08212
-20.78131 3.162128 90.08212
-20.65238 3.030322 90.08212
-20.52345 2.898516 90.08212
-20.39453 2.766711 90.08212
-20.2656 2.634905 90.08212
-20.13667 2.503099 90.08212
-20.00774 2.371293 90.08212
-19.87881 2.239487 90.08212
-19.74988 2.107681 90.08212
-19.62095 1.975875 90.08212
-19.49203 1.844069 90.08212
-19.3631 1.712264 90.08212
-19.23417 1.580458 90.08212
-19.10524 1.448652 90.08212
-18.97631 1.316846 90.08212
-18.84739 1.18504 90.08212
-18.72178 1.050111 90.08212
-18.59807 0.9133922 90.08212
-18.47436 0.7766731 90.08212
-18.35066 0.6399541 90.08212
-18.22695 0.503235 90.08212
-18.10325 0.3665159 90.08212
-17.97954 0.2297968 90.08212
-17.85401 0.09481169 90.08212
-17.72394 -0.03587167 90.08212
-17.59388 -0.1665557 90.08212
-17.46381 -0.2972391 90.08212
-17.33374 -0.4279231 90.08212
-17.20368 -0.5586065 90.08212
-17.07361 -0.6892905 90.08212
-16.94355 -0.8199739 90.08212
-16.81348 -0.950658 90.08212
-16.68342 -1.081341 90.08212
-16.55335 -1.212025 90.08212
-16.42328 -1.342709 90.08212
-16.29322 -1.473393 90.08212
-16.16315 -1.604076 90.08212
-16.02941 -1.730733 90.08212
-15.88746 -1.848398 90.08212
-15.74551 -1.966063 90.08212
-15.60356 -2.083727 90.08212
-15.4616 -2.201392 90.08212
-15.31965 -2.319056 90.08212
-15.1777 -2.436721 90.08212
-15.03575 -2.554385 90.08212
-14.8938 -2.67205 90.08212
-14.75185 -2.789714 90.08212
-14.60989 -2.907379 90.08212
-14.46794 -3.025043 90.08212
-14.32599 -3.142708 90.08212
-14.18404 -3.260373 90.08212
-14.04209 -3.378037 90.08212
-13.90013 -3.495702 90.08212
-13.75808 -3.613229 90.08212
-13.60442 -3.715127 90.08212
-13.45076 -3.817024 90.08212
-13.29709 -3.918922 90.08212
-13.14343 -4.02082 90.08212
-12.98977 -4.122718 90.08212
-12.83611 -4.224616 90.08212
-12.68244 -4.326513 90.08212
-12.52878 -4.428411 90.08212
-12.37512 -4.530309 90.08212
-12.22146 -4.632206 90.08212
-12.06779 -4.734105 90.08212
-11.91413 -4.836002 90.08212
-11.76047 -4.937901 90.08212
-11.60486 -5.036741 90.08212
-11.44773 -5.133217 90.08212
-11.29061 -5.229693 90.08212
-11.13348 -5.326169 90.08212
-10.97636 -5.422645 90.08212
-10.81924 -5.51912 90.08212
-10.66212 -5.615597 90.08212
-10.50499 -5.712073 90.08212
-10.34787 -5.808548 90.08212
-10.19034 -5.904318 90.08212
-10.02896 -5.993494 90.08212
-9.867578 -6.082671 90.08212
-9.7062 -6.171847 90.08212
Stroke End
10.94968 22.23515 90.08212
10.9391 22.01287 90.08212
10.92851 21.79058 90.08212
10.91793 21.5683 90.08212
10.90734 21.34601 90.08212
10.89676 21.12373 90.08212
10.88617 20.90145 90.08212
10.87559 20.67916 90.08212
10.8633 20.457 90.08212
10.84389 20.23531 90.08212
10.82447 20.01362 90.08212
10.80506 19.79194 90.08212
10.78565 19.57025 90.08212
10.76624 19.34856 90.08212
10.74683 19.12688 90.08212
10.72742 18.90519 90.08212
10.70801 18.6835 90.08212
10.6886 18.46181 90.08212
10.66918 18.24013 90.08212
10.64977 18.01844 90.08212
10.63036 17.79675 90.08212
10.60289 17.57613 90.08212
10.56433 17.35696 90.08212
10.52577 17.13779 90.08212
10.48721 16.91862 90.08212
10.44865 16.69945 90.08212
10.41009 16.48028 90.08212
10.37153 16.26112 90.08212
10.33297 16.04195 90.08212
10.29441 15.82278 90.08212
10.25585 15.60361 90.08212
10.21729 15.38444 90.08212
10.17873 15.16527 90.08212
10.14017 14.9461 90.08212
10.10161 14.72693 90.08212
10.06305 14.50776 90.08212
10.02227 14.28901 90.08212
9.978402 14.07085 90.08212
9.934536 13.85268 90.08212
9.89067 13.63451 90.08212
9.846804 13.41634 90.08212
9.802938 13.19817 90.08212
9.759072 12.98 90.08212
9.715206 12.76183 90.08212
9.674459 12.54306 90.08212
9.634123 12.32421 90.08212
9.593786 12.10537 90.08212
9.55345 11.88652 90.08212
9.513114 11.66767 90.08212
9.472777 11.44882 90.08212
9.432441 11.22997 90.08212
9.392104 11.01112 90.08212
9.351768 10.79227 90.08212
9.311432 10.57342 90.08212
9.271095 10.35457 90.08212
9.230759 10.13573 90.08212
9.190422 9.916876 90.08212
9.150085 9.698027 90.08212
9.10975 9.479178 90.08212
9.069413 9.26033 90.08212
9.029077 9.041481 90.08212
8.98874 8.822632 90.08212
8.948404 8.603783 90.08212
8.908068 8.384934 90.08212
8.867731 8.166085 90.08212
8.827394 7.947236 90.08212
8.786356 7.72852 90.08212
8.743998 7.510053 90.08212
8.701639 7.291587 90.08212
8.659282 7.07312 90.08212
8.616923 6.854653 90.08212
8.574565 6.636188 90.08212
8.529801 6.418215 90.08212
8.482577 6.200747 90.08212
8.435354 5.983281 90.08212
8.38813 5.765813 90.08212
8.340907 5.548347 90.08212
8.293684 5.330882 90.08212
8.24646 5.113414 90.08212
8.199237 4.895947 90.08212
8.152014 4.67848 90.08212
8.10479 4.461014 90.08212
8.057567 4.243546 90.08212
8.00848 4.026493 90.08212
7.959383 3.809441 90.08212
7.910287 3.59239 90.08212
7.86119 3.375338 90.08212
7.812094 3.158287 90.08212
7.762998 2.941234 90.08212
7.713901 2.724184 90.08212
7.664805 2.507133 90.08212
7.617799 2.289626 90.08212
7.572314 2.07179 90.08212
7.52683 1.853952 90.08212
7.481346 1.636116 90.08212
7.435861 1.418278 90.08212
7.392549 1.200075 90.08212
7.364021 0.9793755 90.08212
7.335493 0.7586778 90.08212
7.313564 0.5375535 90.08212
Stroke End
24.25459 37.39658 90.08212
24.34475 36.69903 90.08212
24.42429 36.00058 90.08212
24.45078 35.29772 90.08212
24.47728 34.59486 90.08212
24.50352 33.89199 90.08212
24.52472 33.18895 90.08212
24.54593 32.48591 90.08212
24.56713 31.78287 90.08212
24.58514 31.07978 90.08212
24.58514 30.37642 90.08212
24.58514 29.67306 90.08212
24.58515 28.96971 90.08212
24.59701 28.26674 90.08212
24.64347 27.56491 90.08212
24.68994 26.86309 90.08212
24.7364 26.16127 90.08212
24.78287 25.45944 90.08212
24.82934 24.75762 90.08212
24.88273 24.05629 90.08212
24.93673 23.35501 90.08212
24.99073 22.65372 90.08212
25.04473 21.95244 90.08212
25.09873 21.25116 90.08212
25.15273 20.54987 90.08212
25.19984 19.8481 90.08212
25.2452 19.1462 90.08212
25.29056 18.44431 90.08212
25.33592 17.74241 90.08212
25.38129 17.04052 90.08212
25.42665 16.33862 90.08212
25.47201 15.63673 90.08212
25.52458 14.93537 90.08212
25.58402 14.23453 90.08212
25.64347 13.53368 90.08212
25.70292 12.83284 90.08212
25.76107 12.13189 90.08212
25.81672 11.43073 90.08212
25.87237 10.72958 90.08212
25.92802 10.02843 90.08212
25.98367 9.327269 90.08212
26.03932 8.626114 90.08212
26.09497 7.92496 90.08212
26.15062 7.223805 90.08212
26.1761 6.520966 90.08212
26.19882 5.817974 90.08212
26.22153 5.114981 90.08212
26.24425 4.411987 90.08212
26.26697 3.708996 90.08212
26.28969 3.006002 90.08212
26.3124 2.303007 90.08212
26.31458 1.599822 90.08212
26.30522 0.8965223 90.08212
26.29586 0.1932269 90.08212
26.2865 -0.5100724 90.08212
26.27714 -1.213372 90.08212
26.26778 -1.916667 90.08212
26.25842 -2.619967 90.08212
26.24907 -3.323262 90.08212
26.23971 -4.026561 90.08212
26.20852 -4.729151 90.08212
26.1722 -5.43157 90.08212
26.13589 -6.133994 90.08211
26.09957 -6.836413 90.08211
26.04024 -7.53617 90.08211
25.91499 -8.228291 90.08211
25.79105 -8.92064 90.08211
25.67048 -9.61359 90.08211
25.5499 -10.30654 90.08211
25.42933 -10.99949 90.08211
25.28669 -11.68817 90.08211
25.14023 -12.37611 90.08211
24.96004 -13.05539 90.08211
24.75694 -13.72879 90.08211
24.57925 -14.4093 90.08211
24.33891 -14.93776 90.08211
23.68469 -14.71415 90.08211
23.06907 -14.37396 90.08211
22.45035 -14.03966 90.08211
21.82184 -13.72392 90.08211
21.19334 -13.40818 90.08211
20.56271 -13.09677 90.08211
19.9281 -12.79347 90.08211
19.29349 -12.49017 90.08211
18.65888 -12.18687 90.08211
18.02428 -11.88358 90.08211
17.40567 -11.55038 90.08211
16.80125 -11.19067 90.08211
16.20415 -10.81902 90.08211
15.60946 -10.44344 90.08211
15.01477 -10.06786 90.08211
14.42008 -9.692283 90.08211
13.83082 -9.308275 90.08211
13.24242 -8.922911 90.08211
12.65402 -8.537546 90.08211
12.06426 -8.154392 90.08211
11.45628 -7.800739 90.08211
10.8483 -7.447082 90.08212
10.22527 -7.122387 90.08212
9.586396 -6.828185 90.08212
Stroke End
-32.43587 -20.78312 90.08211
-32.48174 -20.96056 90.08211
-32.52761 -21.13799 90.08211
-32.57348 -21.31543 90.08211
-32.62112 -21.49238 90.08211
-32.67147 -21.66859 90.08211
-32.72182 -21.84481 90.08211
-32.77217 -22.02102 90.08211
-32.82252 -22.19724 90.08211
-32.87287 -22.37346 90.08211
-32.92322 -22.54967 90.08211
-32.97357 -22.72589 90.08211
-33.02392 -22.9021 90.08211
-33.07427 -23.07832 90.08211
-33.12842 -23.25336 90.08211
-33.1857 -23.42745 90.08211
-33.24298 -23.60154 90.08211
-33.30025 -23.77562 90.08211
-33.35753 -23.94971 90.08211
-33.41481 -24.1238 90.08211
-33.48338 -24.29363 90.08211
-33.55518 -24.46225 90.08211
-33.62697 -24.63087 90.08211
-33.69877 -24.79949 90.08211
-33.77057 -24.96811 90.08211
-33.84236 -25.13672 90.08211
-33.91416 -25.30534 90.08211
-33.98595 -25.47396 90.08211
-34.05775 -25.64258 90.08211
-34.12955 -25.8112 90.08211
-34.20134 -25.97982 90.08211
-34.27314 -26.14844 90.08211
-34.34494 -26.31705 90.08211
-34.41673 -26.48567 90.08211
-34.48853 -26.65429 90.08211
-34.56033 -26.82291 90.08211
-34.63212 -26.99153 90.08211
-34.70392 -27.16015 90.08211
-34.77313 -27.3298 90.08211
-34.83778 -27.50129 90.08211
-34.90243 -27.67277 90.08211
-34.96708 -27.84426 90.08211
-35.03173 -28.01574 90.08211
-35.09639 -28.18723 90.08211
-35.16104 -28.35872 90.08211
-35.22653 -28.52988 90.08211
-35.29205 -28.70104 90.08211
-35.35756 -28.87219 90.08211
-35.42308 -29.04335 90.08211
-35.4886 -29.2145 90.08211
-35.55412 -29.38566 90.08211
-35.61963 -29.55682 90.08211
-35.68515 -29.72797 90.08211
-35.75067 -29.89913 90.08211
-35.81618 -30.07028 90.08211
-35.8817 -30.24144 90.08211
-35.94722 -30.4126 90.08211
-36.01274 -30.58375 90.08211
-36.0787 -30.75473 90.08211
-36.14891 -30.92402 90.08211
-36.21911 -31.09331 90.08211
-36.28932 -31.26259 90.08211
-36.35952 -31.43188 90.08211
-36.42973 -31.60117 90.08211
-36.49993 -31.77045 90.08211
-36.57014 -31.93974 90.08211
-36.64034 -32.10903 90.08211
-36.71054 -32.27832 90.08211
-36.78075 -32.44761 90.08211
-36.85095 -32.61689 90.08211
-36.92116 -32.78618 90.08211
-36.99091 -32.95565 90.08211
-37.05799 -33.1262 90.08211
-37.12508 -33.29675 90.08211
-37.19218 -33.46729 90.08211
-37.25927 -33.63784 90.08211
-37.32636 -33.80838 90.08211
-37.39345 -33.97892 90.08211
-37.46054 -34.14947 90.08211
-37.52763 -34.32002 90.08211
-37.59472 -34.49056 90.08211
-37.66181 -34.66111 90.08211
-37.7289 -34.83165 90.08211
-37.79599 -35.0022 90.08211
-37.8701 -35.16978 90.08211
-37.94564 -35.33676 90.08211
-38.02118 -35.50373 90.08211
-38.09671 -35.67071 90.08211
-38.17225 -35.83768 90.08211
-38.2478 -36.00466 90.08211
-38.32333 -36.17163 90.08211
-38.39887 -36.33861 90.08211
-38.47441 -36.50558 90.08211
-38.54995 -36.67256 90.08211
-38.64431 -36.82965 90.08211
-38.73897 -36.98657 90.08211
-38.83363 -37.1435 90.08211
-38.92829 -37.30043 90.08211
-39.02295 -37.45736 90.08211
-39.11761 -37.61428 90.08211
Stroke End
-15.49485 -21.60512 90.08211
-15.44452 -21.77197 90.08211
-15.3942 -21.93882 90.08211
-15.34388 -22.10567 90.08211
-15.28071 -22.26787 90.08211
-15.21244 -22.42821 90.08211
-15.14417 -22.58856 90.08211
-15.07589 -22.7489 90.08211
-15.00762 -22.90924 90.08211
-14.93935 -23.06959 90.08211
-14.87107 -23.22993 90.08211
-14.8028 -23.39028 90.08211
-14.73453 -23.55062 90.08211
-14.66582 -23.71076 90.08211
-14.58393 -23.8646 90.08211
-14.50205 -24.01844 90.08211
-14.42017 -24.17228 90.08211
-14.33829 -24.32612 90.08211
-14.25641 -24.47996 90.08211
-14.17453 -24.6338 90.08211
-14.09265 -24.78765 90.08211
-14.01077 -24.94149 90.08211
-13.92889 -25.09533 90.08211
-13.84701 -25.24917 90.08211
-13.74689 -25.39171 90.08211
-13.64559 -25.53352 90.08211
-13.54429 -25.67533 90.08211
-13.44299 -25.81714 90.08211
-13.3417 -25.95895 90.08211
-13.2404 -26.10076 90.08211
-13.1391 -26.24257 90.08211
-13.03781 -26.38439 90.08211
-12.93651 -26.5262 90.08211
-12.83521 -26.66801 90.08211
-12.73391 -26.80982 90.08211
-12.63262 -26.95163 90.08211
-12.53282 -27.0945 90.08211
-12.43366 -27.23781 90.08211
-12.3345 -27.38112 90.08211
-12.23534 -27.52444 90.08211
-12.13618 -27.66775 90.08211
-12.03702 -27.81107 90.08211
-11.93786 -27.95438 90.08211
-11.8387 -28.09769 90.08211
-11.73954 -28.24101 90.08211
-11.64038 -28.38432 90.08211
-11.54122 -28.52764 90.08211
-11.44823 -28.675 90.08211
-11.35618 -28.82298 90.08211
-11.26413 -28.97096 90.08211
-11.17208 -29.11894 90.08211
-11.08002 -29.26692 90.08211
-10.98797 -29.4149 90.08211
-10.89592 -29.56288 90.08211
-10.80387 -29.71086 90.08211
-10.71181 -29.85884 90.08211
-10.61976 -30.00681 90.08211
-10.54472 -30.1641 90.08211
-10.46979 -30.32144 90.08211
-10.39486 -30.47879 90.08211
-10.31993 -30.63613 90.08211
-10.245 -30.79347 90.08211
-10.17008 -30.95082 90.08211
-10.09515 -31.10816 90.08211
-10.02022 -31.26551 90.08211
-9.945292 -31.42285 90.08211
-9.870363 -31.5802 90.08211
-9.795435 -31.73754 90.08211
-9.730057 -31.89908 90.08211
-9.665034 -32.06076 90.08211
-9.600013 -32.22245 90.08211
-9.53499 -32.38415 90.08211
-9.469969 -32.54584 90.08211
-9.404946 -32.70753 90.08211
-9.339924 -32.86922 90.08211
-9.274902 -33.03091 90.08211
-9.20988 -33.1926 90.08211
-9.144858 -33.35429 90.08211
-9.085552 -33.51813 90.08211
-9.027708 -33.68253 90.08211
-8.969863 -33.84692 90.08211
-8.912018 -34.01131 90.08211
-8.854173 -34.17571 90.08211
-8.796329 -34.3401 90.0821
-8.738483 -34.5045 90.0821
-8.680639 -34.66889 90.0821
-8.622794 -34.83329 90.0821
-8.564949 -34.99768 90.0821
-8.513093 -35.16403 90.0821
-8.46277 -35.33088 90.0821
-8.412449 -35.49773 90.0821
-8.362126 -35.66458 90.0821
-8.311804 -35.83143 90.0821
-8.250453 -35.99449 90.0821
-8.187446 -36.15697 90.0821
-8.124438 -36.31946 90.0821
-8.06143 -36.48195 90.0821
-7.998423 -36.64443 90.0821
-7.935415 -36.80692 90.0821
-7.872408 -36.9694 90.0821
Stroke End
0.4545121 -19.68712 90.08211
0.5959361 -19.84342 90.08211
0.7373601 -19.99972 90.08211
0.8787841 -20.15602 90.08211
1.020208 -20.31232 90.08211
1.165602 -20.46473 90.08211
1.31923 -20.60905 90.08211
1.472859 -20.75338 90.08211
1.626487 -20.8977 90.08211
1.780115 -21.04202 90.08211
1.933744 -21.18635 90.08211
2.087372 -21.33067 90.08211
2.241 -21.475 90.08211
2.394629 -21.61932 90.08211
2.548257 -21.76364 90.08211
2.701885 -21.90797 90.08211
2.846189 -22.0612 90.08211
2.983371 -22.22124 90.08211
3.120553 -22.38128 90.08211
3.257734 -22.54132 90.08211
3.394916 -22.70135 90.08211
3.532098 -22.86139 90.08211
3.66928 -23.02143 90.08211
3.806462 -23.18147 90.08211
3.943643 -23.34151 90.08211
4.080825 -23.50154 90.08211
4.218007 -23.66158 90.08211
4.360979 -23.81639 90.08211
4.506162 -23.96921 90.08211
4.651346 -24.12203 90.08211
4.796529 -24.27484 90.08211
4.941712 -24.42766 90.08211
5.086895 -24.58047 90.08211
5.232079 -24.73329 90.08211
5.377262 -24.88611 90.08211
5.522445 -25.03892 90.08211
5.667628 -25.19174 90.08211
5.812811 -25.34456 90.08211
5.957995 -25.49737 90.08211
6.103044 -25.65032 90.08211
6.248052 -25.8033 90.08211
6.393061 -25.95628 90.08211
6.538069 -26.10926 90.08211
6.683077 -26.26225 90.08211
6.828086 -26.41523 90.08211
6.973095 -26.56821 90.08211
7.118104 -26.72119 90.08211
7.263112 -26.87418 90.08211
7.40812 -27.02716 90.08211
7.553129 -27.18014 90.08211
7.698137 -27.33312 90.08211
7.844004 -27.48527 90.08211
7.992701 -27.63467 90.08211
8.141397 -27.78407 90.08211
8.290094 -27.93347 90.08211
8.43879 -28.08287 90.08211
8.587487 -28.23227 90.08211
8.736183 -28.38167 90.08211
8.88488 -28.53107 90.08211
9.033577 -28.68047 90.08211
9.182274 -28.82987 90.08211
9.33097 -28.97927 90.08211
9.479666 -29.12867 90.08211
9.628373 -29.27806 90.08211
9.778737 -29.42578 90.08211
9.929102 -29.5735 90.08211
10.07947 -29.72122 90.08211
10.22983 -29.86895 90.08211
10.38019 -30.01667 90.0821
10.53056 -30.16439 90.0821
10.68092 -30.31211 90.0821
10.83129 -30.45983 90.0821
10.98165 -30.60755 90.0821
11.12971 -30.75733 90.0821
11.25978 -30.9232 90.0821
11.38986 -31.08907 90.0821
11.51993 -31.25494 90.0821
11.65 -31.42081 90.0821
11.78007 -31.58668 90.0821
11.91014 -31.75255 90.0821
12.04021 -31.91842 90.0821
12.17028 -32.08429 90.0821
12.29764 -32.25224 90.0821
12.42454 -32.42055 90.0821
12.55144 -32.58885 90.0821
12.67834 -32.75716 90.0821
12.80525 -32.92546 90.0821
12.93215 -33.09377 90.0821
13.05792 -33.26291 90.0821
13.18152 -33.43366 90.0821
13.30511 -33.60441 90.0821
13.42871 -33.77516 90.0821
13.5523 -33.94591 90.0821
13.6759 -34.11665 90.0821
13.84105 -34.24755 90.0821
14.0065 -34.37816 90.0821
14.17194 -34.50877 90.0821
14.33739 -34.63937 90.0821
14.50283 -34.76999 90.0821
14.66828 -34.90059 90.0821
Stroke End
30.61781 -23.79714 90.08211
30.71755 -23.9625 90.08211
30.8173 -24.12787 90.08211
30.91705 -24.29324 90.08211
31.01498 -24.45968 90.08211
31.11208 -24.62661 90.08211
31.20917 -24.79355 90.08211
31.30627 -24.96049 90.08211
31.40337 -25.12742 90.0821
31.50047 -25.29436 90.0821
31.59756 -25.46129 90.0821
31.69478 -25.62815 90.0821
31.79644 -25.79235 90.0821
31.89809 -25.95656 90.0821
31.99974 -26.12076 90.0821
32.10139 -26.28496 90.0821
32.20305 -26.44916 90.0821
32.3047 -26.61336 90.0821
32.40635 -26.77756 90.0821
32.50801 -26.94176 90.0821
32.60966 -27.10596 90.0821
32.71132 -27.27017 90.0821
32.81752 -27.43135 90.0821
32.92913 -27.58895 90.0821
33.04073 -27.74656 90.0821
33.15233 -27.90417 90.0821
33.26394 -28.06178 90.0821
33.37554 -28.21939 90.0821
33.48714 -28.37699 90.0821
33.59875 -28.5346 90.0821
33.71035 -28.69221 90.0821
33.82195 -28.84982 90.0821
33.93356 -29.00742 90.0821
34.04516 -29.16503 90.0821
34.15676 -29.32264 90.0821
34.26595 -29.48175 90.0821
34.35894 -29.65102 90.0821
34.45192 -29.82028 90.0821
34.5449 -29.98954 90.0821
34.63789 -30.1588 90.0821
34.73087 -30.32806 90.0821
34.82385 -30.49732 90.0821
34.91684 -30.66659 90.0821
35.00982 -30.83585 90.0821
35.1028 -31.00511 90.0821
35.19579 -31.17437 90.0821
35.28877 -31.34363 90.0821
35.38175 -31.5129 90.0821
35.47474 -31.68216 90.0821
35.56772 -31.85142 90.0821
35.66043 -32.02082 90.0821
35.74003 -32.19677 90.0821
35.81963 -32.37272 90.0821
35.89923 -32.54867 90.0821
35.97883 -32.72462 90.0821
36.05843 -32.90058 90.0821
36.13803 -33.07653 90.0821
36.21764 -33.25248 90.0821
36.29724 -33.42843 90.0821
36.37684 -33.60438 90.0821
36.45644 -33.78033 90.0821
36.53604 -33.95629 90.0821
36.61564 -34.13224 90.0821
36.69524 -34.30819 90.0821
36.77485 -34.48414 90.0821
36.84822 -34.66265 90.0821
36.91501 -34.84385 90.0821
36.98181 -35.02505 90.0821
37.0486 -35.20625 90.0821
37.11539 -35.38745 90.0821
37.18219 -35.56865 90.0821
37.24898 -35.74986 90.0821
37.31578 -35.93106 90.0821
37.38257 -36.11226 90.0821
37.44936 -36.29346 90.0821
37.51616 -36.47466 90.0821
37.58295 -36.65586 90.0821
37.64975 -36.83706 90.0821
37.71654 -37.01826 90.0821
37.78863 -37.19741 90.0821
37.86145 -37.37627 90.0821
37.93428 -37.55514 90.0821
38.0071 -37.734 90.0821
38.07993 -37.91286 90.0821
38.15275 -38.09173 90.0821
38.22558 -38.27059 90.0821
38.2984 -38.44945 90.0821
38.37123 -38.62831 90.0821
38.44405 -38.80718 90.0821
38.5173 -38.98587 90.0821
38.59076 -39.16447 90.0821
38.66422 -39.34308 90.0821
38.73767 -39.52168 90.0821
38.81113 -39.70029 90.0821
38.8876 -39.87663 90.0821
39.03812 -39.99762 90.0821
39.18865 -40.11861 90.0821
39.33917 -40.2396 90.0821
39.4897 -40.36058 90.0821
39.64022 -40.48158 90.0821
Stroke End
