4
-16.81706 25.34051 90.08212
-16.90291 24.8626 90.08212
-16.97531 24.38246 90.08212
-17.04772 23.90232 90.08212
-17.10928 23.42072 90.08212
-17.16744 22.93865 90.08212
-17.2256 22.45658 90.08212
-17.30276 21.97721 90.08212
-17.38158 21.49809 90.08212
-17.4604 21.01896 90.08212
-17.53922 20.53983 90.08212
-17.59258 20.05747 90.08212
-17.63634 19.57388 90.08212
-17.68009 19.09028 90.08212
-17.72385 18.60669 90.08212
-17.7676 18.1231 90.08212
-17.8102 17.63943 90.08212
-17.83457 17.15448 90.08212
-17.85895 16.66952 90.08212
-17.88333 16.18457 90.08212
-17.90771 15.69962 90.08212
-17.93209 15.21466 90.08212
-17.95646 14.72971 90.08212
-17.98138 14.24478 90.08212
-18.00771 13.75993 90.08212
-18.03403 13.27508 90.08212
-18.06035 12.79022 90.08212
-18.08667 12.30537 90.08212
-18.11299 11.82052 90.08212
-18.13931 11.33567 90.08212
-18.16564 10.85081 90.08212
-18.19196 10.36596 90.08212
-18.21828 9.88111 90.08212
-18.23676 9.395905 90.08212
-18.25398 8.910645 90.08212
-18.2712 8.425384 90.08212
-18.28842 7.940124 90.08212
-18.30563 7.454862 90.08212
-18.32285 6.969603 90.08212
-18.34007 6.484341 90.08212
-18.35729 5.999081 90.08212
-18.3745 5.513819 90.08212
-18.38927 5.028494 90.08212
-18.39711 4.542993 90.08212
-18.40496 4.057489 90.08212
-18.4128 3.571987 90.08212
-18.42064 3.086483 90.08212
-18.42849 2.600981 90.08212
-18.43633 2.115478 90.08212
-18.44418 1.629974 90.08212
-18.45202 1.144472 90.08212
-18.45987 0.6589685 90.08212
-18.46771 0.1734668 90.08212
-18.47566 -0.3120352 90.08212
-18.48365 -0.7975348 90.08212
-18.49163 -1.283036 90.08212
-18.49962 -1.768538 90.08212
-18.50761 -2.254037 90.08212
-18.51559 -2.739538 90.08212
-18.52358 -3.225038 90.08212
-18.53157 -3.71054 90.08212
-18.53955 -4.196039 90.08212
-18.54754 -4.68154 90.08212
-18.54901 -5.167032 90.08212
-18.53985 -5.652513 90.08212
-18.5307 -6.137994 90.08212
-18.52155 -6.623475 90.08212
-18.5124 -7.108953 90.08212
-18.50325 -7.594432 90.08212
-18.4941 -8.079911 90.08212
-18.48495 -8.565393 90.08212
-18.4758 -9.050873 90.08212
-18.4732 -9.536349 90.08212
-18.48274 -10.02182 90.08212
-18.49229 -10.5073 90.08212
-18.50184 -10.99277 90.08212
-18.51139 -11.47824 90.08212
-18.52094 -11.96371 90.08212
-18.53049 -12.44918 90.08212
-18.54004 -12.93466 90.08212
-18.54959 -13.42013 90.08212
-18.56075 -13.90557 90.08212
-18.57262 -14.39099 90.08212
-18.58449 -14.87641 90.08212
-18.59636 -15.36183 90.08211
-18.60823 -15.84725 90.08211
-18.6201 -16.33267 90.08211
-18.63197 -16.81809 90.08211
-18.65659 -17.30297 90.08211
-18.68583 -17.78766 90.08211
-18.71507 -18.27234 90.08211
-18.73371 -18.75754 90.08211
-18.75127 -19.24279 90.08211
-18.76883 -19.72804 90.08211
-18.7864 -20.21329 90.08211
-18.81144 -20.69798 90.08211
-18.86601 -21.18047 90.08211
-18.92058 -21.66296 90.08211
-18.97515 -22.14545 90.08211
-19.02972 -22.62794 90.08211
Stroke End
-15.74276 23.60517 90.08212
-14.8654 23.9474 90.08212
-13.98551 24.28298 90.08212
-13.10004 24.60354 90.08212
-12.20988 24.91098 90.08212
-11.31973 25.21841 90.08212
-10.43155 25.53139 90.08212
-9.547866 25.85695 90.08212
-8.64557 26.12216 90.08212
-7.73199 26.35077 90.08212
-6.818409 26.57938 90.08212
-5.904829 26.80799 90.08212
-4.991248 27.0366 90.08212
-4.071066 27.23654 90.08212
-3.149517 27.43054 90.08212
-2.229854 27.6333 90.08212
-1.310302 27.83656 90.08212
-0.3907501 28.03982 90.08212
0.5288025 28.24308 90.08212
1.45254 28.42479 90.08212
2.381357 28.58032 90.08212
3.310174 28.73585 90.08212
4.238992 28.89139 90.08212
5.167809 29.04692 90.08212
6.096626 29.20245 90.08212
7.025379 29.35837 90.08212
7.954084 29.51457 90.08212
8.882789 29.67077 90.08212
9.811494 29.82697 90.08212
10.74272 29.96626 90.08212
11.67661 30.08767 90.08212
12.60409 30.25089 90.08212
13.53145 30.41488 90.08212
14.46746 30.51109 90.08212
15.40629 30.58521 90.08212
16.34596 30.63787 90.08212
17.28771 30.63786 90.08212
17.80874 30.07728 90.08212
17.7955 29.1362 90.08212
17.69985 28.19932 90.08212
17.60017 27.26286 90.08212
17.49929 26.32653 90.08212
17.39764 25.39028 90.08212
17.28308 24.45598 90.08212
17.10382 23.53145 90.08212
16.92456 22.60692 90.08212
16.78036 21.67729 90.08212
16.68868 20.74001 90.08212
16.597 19.80273 90.08212
16.50532 18.86546 90.08212
16.43706 17.92626 90.08212
16.37485 16.98657 90.08212
16.31264 16.04688 90.08212
16.25042 15.10718 90.08212
16.20861 14.16642 90.08212
16.17159 13.2254 90.08212
16.14921 12.28399 90.08212
16.13754 11.34232 90.08212
16.12587 10.40064 90.08212
16.11419 9.458962 90.08212
16.10252 8.517284 90.08212
16.09085 7.575607 90.08212
16.07918 6.63393 90.08212
16.08101 5.69228 90.08212
16.0965 4.750658 90.08212
16.11199 3.809036 90.08212
16.12749 2.867414 90.08212
16.14298 1.925793 90.08212
16.16127 0.9842459 90.08212
16.19402 0.04306544 90.08212
16.22677 -0.8981151 90.08212
16.25953 -1.839296 90.08212
16.29228 -2.780476 90.08212
16.32123 -3.721723 90.08212
16.32123 -4.663472 90.08212
16.32123 -5.605221 90.08212
16.32123 -6.546971 90.08211
16.32123 -7.48872 90.08211
16.32123 -8.43047 90.08211
16.33786 -9.372068 90.08211
16.3549 -10.31366 90.08211
16.37193 -11.25526 90.08211
16.38897 -12.19686 90.08211
16.39906 -13.13837 90.08211
16.36093 -14.07935 90.08211
16.32281 -15.02033 90.08211
16.28469 -15.96131 90.08211
16.24657 -16.90228 90.08211
16.20845 -17.84326 90.08211
16.17032 -18.78424 90.08211
16.12944 -19.7251 90.08211
16.08688 -20.66589 90.08211
16.0155 -21.60472 90.08211
15.93064 -22.54264 90.08211
15.84577 -23.48056 90.08211
15.76091 -24.41847 90.08211
15.67605 -25.35639 90.08211
15.59741 -26.29485 90.08211
15.4733 -27.22797 90.08211
15.33287 -28.15919 90.0821
Stroke End
-22.76709 1.502359 90.08212
-22.39403 1.399279 90.08212
-22.01815 1.311598 90.08212
-21.63274 1.276097 90.08212
-21.24733 1.240597 90.08212
-20.86101 1.237375 90.08212
-20.47422 1.251166 90.08212
-20.08742 1.264958 90.08212
-19.70063 1.278749 90.08212
-19.31383 1.292541 90.08212
-18.92704 1.306332 90.08212
-18.54037 1.321497 90.08212
-18.15757 1.378669 90.08212
-17.77478 1.435841 90.08212
-17.39198 1.493013 90.08212
-17.00918 1.550185 90.08212
-16.62639 1.607357 90.08212
-16.24359 1.664529 90.08212
-15.8608 1.721701 90.08212
-15.4781 1.779442 90.08212
-15.09746 1.849556 90.08212
-14.71682 1.919671 90.08212
-14.33618 1.989785 90.08212
-13.95555 2.0599 90.08212
-13.57491 2.130014 90.08212
-13.19427 2.200128 90.08212
-12.81363 2.270243 90.08212
-12.433 2.340357 90.08212
-12.05236 2.410472 90.08212
-11.67172 2.480586 90.08212
-11.29108 2.5507 90.08212
-10.91044 2.620815 90.08212
-10.52978 2.690742 90.08212
-10.14733 2.750182 90.08212
-9.764874 2.809622 90.08212
-9.382425 2.869062 90.08212
-8.999974 2.928502 90.08212
-8.617525 2.987942 90.08212
-8.235075 3.047382 90.08212
-7.852624 3.106822 90.08212
-7.470175 3.166262 90.08212
-7.087725 3.225702 90.08212
-6.705275 3.285141 90.08212
-6.322825 3.344582 90.08212
-5.940375 3.404021 90.08212
-5.557926 3.463461 90.08212
-5.175173 3.520754 90.08212
-4.791126 3.568807 90.08212
-4.40708 3.616859 90.08212
-4.023033 3.664911 90.08212
-3.638986 3.712963 90.08212
-3.254938 3.761016 90.08212
-2.870891 3.809068 90.08212
-2.486845 3.857121 90.08212
-2.102798 3.905173 90.08212
-1.718751 3.953225 90.08212
-1.334705 4.001277 90.08212
-0.9506566 4.04933 90.08212
-0.56563 4.088489 90.08212
-0.1803336 4.125197 90.08212
0.2049627 4.161906 90.08212
0.5902591 4.198614 90.08212
0.9755573 4.235323 90.08212
1.360854 4.272032 90.08212
1.74615 4.30874 90.08212
2.131446 4.345449 90.08212
2.516743 4.382157 90.08212
2.902041 4.418866 90.08212
3.287337 4.455575 90.08212
3.672634 4.492283 90.08212
4.0582 4.525734 90.08212
4.444282 4.552973 90.08212
4.830365 4.580213 90.08212
5.216446 4.607452 90.08212
5.602528 4.634691 90.08212
5.988609 4.661931 90.08212
6.374691 4.68917 90.08212
6.760772 4.716409 90.08212
7.146856 4.743649 90.08212
7.532937 4.770888 90.08212
7.919291 4.790393 90.08212
8.306332 4.790393 90.08212
8.693373 4.790393 90.08212
9.080414 4.790393 90.08212
9.467457 4.790392 90.08212
9.854496 4.790392 90.08212
10.24154 4.790392 90.08212
10.62858 4.790392 90.08212
11.01562 4.790392 90.08212
11.40266 4.790392 90.08212
11.7897 4.790392 90.08212
12.17674 4.790393 90.08212
12.56379 4.790393 90.08212
12.95083 4.790393 90.08212
13.33787 4.790393 90.08212
13.72491 4.790393 90.08212
14.11195 4.790394 90.08212
14.49899 4.790394 90.08212
14.88603 4.790394 90.08212
15.27308 4.790393 90.08212
Stroke End
-15.49484 -22.24445 90.08211
-15.11656 -22.17175 90.08211
-14.73829 -22.09904 90.08211
-14.36001 -22.02633 90.08211
-13.98173 -21.95363 90.08211
-13.60345 -21.88092 90.08211
-13.22611 -21.80346 90.08211
-12.8488 -21.72587 90.08211
-12.4715 -21.64829 90.08211
-12.09419 -21.5707 90.08211
-11.71688 -21.49312 90.08211
-11.33957 -21.41553 90.08211
-10.96226 -21.33795 90.08211
-10.58495 -21.26036 90.08211
-10.20764 -21.18278 90.08211
-9.827276 -21.12446 90.08211
-9.444483 -21.08144 90.08211
-9.061689 -21.03842 90.08211
-8.678897 -20.99539 90.08211
-8.296103 -20.95237 90.08211
-7.913311 -20.90935 90.08211
-7.530517 -20.86633 90.08211
-7.147725 -20.8233 90.08211
-6.764932 -20.78028 90.08211
-6.382138 -20.73726 90.08211
-5.999345 -20.69423 90.08211
-5.616551 -20.65121 90.08211
-5.233759 -20.60819 90.08211
-4.849935 -20.57603 90.08211
-4.465885 -20.54624 90.08211
-4.081836 -20.51645 90.08211
-3.697786 -20.48667 90.08211
-3.313736 -20.45688 90.08211
-2.929686 -20.4271 90.08211
-2.545636 -20.39731 90.08211
-2.161587 -20.36753 90.08211
-1.777537 -20.33774 90.08211
-1.393486 -20.30795 90.08211
-1.009437 -20.27817 90.08211
-0.6253872 -20.24838 90.08211
-0.2409747 -20.22424 90.08211
0.1437285 -20.20461 90.08211
0.5284315 -20.18499 90.08211
0.9131338 -20.16536 90.08211
1.297836 -20.14574 90.08211
1.68254 -20.12611 90.08211
2.067242 -20.10649 90.08211
2.451946 -20.08686 90.08211
2.836648 -20.06724 90.08211
3.221351 -20.04761 90.08211
3.606055 -20.02798 90.08211
3.990757 -20.00836 90.08211
4.375461 -19.98874 90.08211
4.760163 -19.96911 90.08211
5.145162 -19.96111 90.08211
5.530366 -19.96111 90.08211
5.915568 -19.96111 90.08211
6.300771 -19.96111 90.08211
6.685975 -19.96111 90.08211
7.071178 -19.96111 90.08211
7.45638 -19.96111 90.08211
7.841585 -19.96111 90.08211
8.226788 -19.96111 90.08211
8.611992 -19.96111 90.08211
8.997194 -19.96111 90.08211
9.382397 -19.96111 90.08211
9.767601 -19.96111 90.08211
10.1528 -19.96111 90.08211
10.53801 -19.96111 90.08211
10.92319 -19.96249 90.08211
11.30828 -19.97194 90.08211
11.69337 -19.9814 90.08211
12.07845 -19.99086 90.08211
12.46354 -20.00032 90.08211
12.84863 -20.00978 90.08211
13.23372 -20.01924 90.08211
13.6188 -20.0287 90.08211
14.00389 -20.03815 90.08211
14.38898 -20.04761 90.08211
14.77412 -20.05245 90.08211
15.15932 -20.05245 90.08211
15.54453 -20.05245 90.08211
15.92973 -20.05245 90.08211
16.31493 -20.05245 90.08211
16.70014 -20.05245 90.08211
17.08455 -20.07591 90.08211
17.4689 -20.10165 90.08211
17.85324 -20.1274 90.08211
18.23758 -20.15314 90.08211
18.62192 -20.17889 90.08211
19.00626 -20.20464 90.08211
19.39061 -20.23038 90.08211
19.77517 -20.25246 90.08211
20.15979 -20.2737 90.08211
20.54441 -20.29495 90.08211
20.92902 -20.31619 90.08211
21.31394 -20.32643 90.08211
21.69915 -20.32643 90.08211
22.08398 -20.33314 90.08211
22.46685 -20.37546 90.08211
Stroke End
