7
wood
100
-40.61714 7.89574 90.08212
-40.27621 7.941691 90.08212
-39.93528 7.987642 90.08212
-39.59436 8.033593 90.08212
-39.25343 8.079545 90.08212
-38.9125 8.125496 90.08212
-38.57157 8.171447 90.08212
-38.23064 8.217399 90.08212
-37.88972 8.26335 90.08212
-37.54879 8.3093 90.08212
-37.20796 8.35591 90.08212
-36.86864 8.412516 90.08212
-36.52932 8.469122 90.08212
-36.18999 8.525727 90.08212
-35.85067 8.582333 90.08212
-35.51135 8.638938 90.08212
-35.17203 8.695543 90.08212
-34.83271 8.752149 90.08212
-34.49339 8.808754 90.08212
-34.15407 8.86536 90.08212
-33.81475 8.921966 90.08212
-33.47543 8.978571 90.08212
-33.1361 9.035176 90.08212
-32.79699 9.092952 90.08212
-32.45902 9.157152 90.08212
-32.12106 9.221353 90.08212
-31.78309 9.285553 90.08212
-31.44512 9.349753 90.08212
-31.10716 9.413955 90.08212
-30.76919 9.478155 90.08212
-30.43122 9.542356 90.08212
-30.09326 9.606556 90.08212
-29.75529 9.670756 90.08212
-29.41732 9.734957 90.08212
-29.07936 9.799157 90.08212
-28.74139 9.863358 90.08212
-28.40342 9.927558 90.08212
-28.06546 9.991758 90.08212
-27.72749 10.05596 90.08212
-27.39106 10.12739 90.08212
-27.05613 10.20591 90.08212
-26.7212 10.28443 90.08212
-26.38627 10.36295 90.08212
-26.05134 10.44147 90.08212
-25.71641 10.51999 90.08212
-25.38148 10.59852 90.08212
-25.04655 10.67704 90.08212
-24.71162 10.75556 90.08212
-24.37669 10.83408 90.08212
-24.04176 10.9126 90.08212
-23.70683 10.99112 90.08212
-23.3719 11.06964 90.08212
-23.03698 11.14816 90.08212
-22.70205 11.22668 90.08212
-22.36712 11.30521 90.08212
-22.03209 11.38332 90.08212
-21.69674 11.46 90.08212
-21.36139 11.53669 90.08212
-21.02603 11.61337 90.08212
-20.69068 11.69005 90.08212
-20.35532 11.76674 90.08212
-20.01997 11.84342 90.08212
-19.68498 11.92154 90.08212
-19.35466 12.01761 90.08212
-19.02434 12.11368 90.08212
-18.69401 12.20976 90.08212
-18.36369 12.30583 90.08212
-18.03337 12.4019 90.08212
-17.70305 12.49797 90.08212
-17.37272 12.59405 90.08212
-17.0424 12.69012 90.08212
-16.71208 12.78619 90.08212
-16.38489 12.89207 90.08212
-16.06009 13.00543 90.08212
-15.7353 13.11879 90.08212
-15.4105 13.23215 90.08212
-15.0857 13.34551 90.08212
-14.76091 13.45887 90.08212
-14.43611 13.57223 90.08212
-14.11131 13.68559 90.08212
-13.78652 13.79895 90.08212
-13.46172 13.91231 90.08212
-13.14606 14.0488 90.08212
-12.83142 14.18789 90.08212
-12.51678 14.32699 90.08212
-12.20215 14.46608 90.08212
-11.88751 14.60518 90.08212
-11.57288 14.74427 90.08212
-11.25824 14.88337 90.08212
-10.94368 15.02262 90.08212
-10.63278 15.16988 90.08212
-10.32188 15.31714 90.08212
-10.01098 15.4644 90.08212
-9.700082 15.61166 90.08212
-9.389184 15.75892 90.08212
-9.085405 15.91945 90.08212
-8.790792 16.09706 90.08212
-8.496178 16.27467 90.08212
-8.231047 16.48544 90.08212
-8.020225 16.75728 90.08212
Stroke End
-19.29624 37.39659 90.08213
-19.29624 36.61934 90.08213
-19.29624 35.84208 90.08213
-19.29624 35.06482 90.08213
-19.29624 34.28757 90.08213
-19.28558 33.51042 90.08213
-19.26923 32.73334 90.08213
-19.25288 31.95625 90.08213
-19.23653 31.17917 90.08213
-19.22018 30.40209 90.08213
-19.21361 29.6249 90.08213
-19.21361 28.84764 90.08213
-19.21361 28.07039 90.08213
-19.21361 27.29313 90.08212
-19.21361 26.51587 90.08212
-19.2136 25.73862 90.08212
-19.21769 24.96138 90.08212
-19.22606 24.18417 90.08212
-19.23443 23.40696 90.08212
-19.2428 22.62975 90.08212
-19.25117 21.85254 90.08212
-19.25955 21.07533 90.08212
-19.26792 20.29812 90.08212
-19.27629 19.52091 90.08212
-19.28466 18.74369 90.08212
-19.29303 17.96648 90.08212
-19.31827 17.18975 90.08212
-19.35399 16.41331 90.08212
-19.38971 15.63688 90.08212
-19.42543 14.86045 90.08212
-19.46115 14.08401 90.08212
-19.49687 13.30758 90.08212
-19.53259 12.53114 90.08212
-19.59001 11.75616 90.08212
-19.65781 10.98186 90.08212
-19.72561 10.20757 90.08212
-19.79374 9.433309 90.08212
-19.87847 8.660686 90.08212
-19.96321 7.88806 90.08212
-20.04794 7.115437 90.08212
-20.13268 6.342814 90.08212
-20.21741 5.57019 90.08212
-20.30215 4.797567 90.08212
-20.38688 4.024944 90.08212
-20.46145 3.251515 90.08212
-20.49942 2.475187 90.08212
-20.53739 1.698859 90.08212
-20.57536 0.9225312 90.08212
-20.61333 0.1462033 90.08212
-20.63426 -0.6307417 90.08212
-20.65252 -1.407783 90.08212
-20.67078 -2.184825 90.08212
-20.68904 -2.961867 90.08212
-20.7073 -3.738909 90.08212
-20.72556 -4.515954 90.08212
-20.74383 -5.292995 90.08212
-20.76209 -6.070037 90.08212
-20.78035 -6.847079 90.08212
-20.82574 -7.6229 90.08212
-20.87734 -8.398441 90.08212
-20.92893 -9.173984 90.08212
-20.98053 -9.949525 90.08212
-21.03213 -10.72507 90.08212
-21.08372 -11.50061 90.08212
-21.13532 -12.27615 90.08212
-21.18692 -13.05169 90.08212
-21.22156 -13.82813 90.08212
-21.25211 -14.60479 90.08212
-21.28266 -15.38144 90.08212
-21.31322 -16.1581 90.08212
-21.34377 -16.93475 90.08211
-21.37432 -17.71141 90.08211
-21.40487 -18.48806 90.08211
-21.43543 -19.26472 90.08211
-21.47428 -20.04098 90.08211
-21.51684 -20.81708 90.08211
-21.5594 -21.59317 90.08211
-21.60196 -22.36926 90.08211
-21.64452 -23.14535 90.08211
-21.68707 -23.92144 90.08211
-21.72963 -24.69753 90.08211
-21.77219 -25.47362 90.08211
-21.84352 -26.24755 90.08211
-21.91722 -27.0213 90.08211
-21.99091 -27.79506 90.08211
-22.0646 -28.56881 90.08211
-22.1383 -29.34257 90.08211
-22.21199 -30.11633 90.08211
-22.28672 -30.88997 90.08211
-22.36571 -31.66321 90.08211
-22.4447 -32.43644 90.08211
-22.52369 -33.20967 90.08211
-22.60268 -33.9829 90.08211
-22.68167 -34.75614 90.08211
-22.76066 -35.52937 90.08211
-22.83965 -36.3026 90.08211
-22.90291 -37.07725 90.08211
-22.96388 -37.85212 90.0821
-23.03109 -38.62633 90.0821
-23.15458 -39.39294 90.0821
Stroke End
-21.85806 5.247062 90.08212
-22.03062 4.92011 90.08212
-22.20319 4.593158 90.08212
-22.37575 4.266206 90.08212
-22.54832 3.939254 90.08212
-22.72088 3.612302 90.08212
-22.89345 3.28535 90.08212
-23.06601 2.958398 90.08212
-23.23858 2.631446 90.08212
-23.41114 2.304494 90.08212
-23.58371 1.977542 90.08212
-23.75627 1.65059 90.08212
-23.92884 1.323638 90.08212
-24.1014 0.9966858 90.08212
-24.28837 0.6780534 90.08212
-24.48531 0.3651748 90.08212
-24.68224 0.05229619 90.08212
-24.87918 -0.2605825 90.08212
-25.07611 -0.573461 90.08212
-25.27305 -0.8863397 90.08212
-25.46998 -1.199218 90.08212
-25.66692 -1.512097 90.08212
-25.86385 -1.824976 90.08212
-26.06079 -2.137854 90.08212
-26.25772 -2.450733 90.08212
-26.45465 -2.763611 90.08212
-26.65159 -3.07649 90.08212
-26.84591 -3.390926 90.08212
-27.02678 -3.713356 90.08212
-27.20765 -4.035785 90.08212
-27.38853 -4.358214 90.08212
-27.5694 -4.680643 90.08212
-27.75028 -5.003072 90.08212
-27.93115 -5.325501 90.08212
-28.11203 -5.647931 90.08212
-28.2929 -5.97036 90.08212
-28.47378 -6.292789 90.08212
-28.65465 -6.615218 90.08212
-28.83553 -6.937647 90.08212
-29.0164 -7.260077 90.08212
-29.19728 -7.582506 90.08212
-29.37815 -7.904935 90.08212
-29.60071 -8.200134 90.08212
-29.82329 -8.495324 90.08212
-30.04586 -8.790514 90.08212
-30.26843 -9.085704 90.08212
-30.49101 -9.380893 90.08212
-30.71358 -9.676083 90.08212
-30.93616 -9.971272 90.08212
-31.15873 -10.26646 90.08212
-31.38131 -10.56165 90.08212
-31.60388 -10.85684 90.08212
-31.82646 -11.15203 90.08212
-32.04903 -11.44722 90.08212
-32.27166 -11.74237 90.08212
-32.50584 -12.02844 90.08212
-32.74002 -12.3145 90.08212
-32.97421 -12.60057 90.08212
-33.20839 -12.88664 90.08212
-33.44257 -13.17271 90.08212
-33.67675 -13.45877 90.08212
-33.91138 -13.74448 90.08212
-34.14703 -14.02934 90.08212
-34.38268 -14.3142 90.08212
-34.61833 -14.59906 90.08212
-34.85398 -14.88392 90.08212
-35.08963 -15.16878 90.08212
-35.32528 -15.45364 90.08212
-35.56093 -15.7385 90.08212
-35.79658 -16.02336 90.08212
-36.03223 -16.30822 90.08212
-36.26788 -16.59308 90.08212
-36.50557 -16.87608 90.08212
-36.76744 -17.13704 90.08212
-37.02932 -17.398 90.08212
-37.29119 -17.65895 90.08212
-37.55306 -17.91991 90.08212
-37.81493 -18.18087 90.08212
-38.07681 -18.44183 90.08212
-38.33868 -18.70278 90.08212
-38.60056 -18.96374 90.08212
-38.86243 -19.2247 90.08212
-39.1243 -19.48565 90.08211
-39.38617 -19.74661 90.08211
-39.64805 -20.00757 90.08211
-39.90992 -20.26853 90.08211
-40.17179 -20.52948 90.08211
-40.43367 -20.79044 90.08211
-40.69554 -21.0514 90.08211
-40.95741 -21.31236 90.08211
-41.21929 -21.57331 90.08211
-41.48116 -21.83427 90.08211
-41.74843 -22.08967 90.08211
-42.01682 -22.34393 90.08211
-42.28521 -22.59818 90.08211
-42.55359 -22.85243 90.08211
-42.80616 -23.12158 90.08211
-43.04398 -23.40464 90.08211
-43.28179 -23.68769 90.08211
-43.51961 -23.97075 90.08211
Stroke End
-18.63513 3.968364 90.08212
-18.5406 3.8221 90.08212
-18.44606 3.675837 90.08212
-18.35153 3.529574 90.08212
-18.257 3.38331 90.08212
-18.16658 3.234514 90.08212
-18.0786 3.084223 90.08212
-17.99061 2.933932 90.08212
-17.90262 2.783641 90.08212
-17.81463 2.63335 90.08212
-17.72664 2.483059 90.08212
-17.63865 2.332768 90.08212
-17.55067 2.182477 90.08212
-17.46268 2.032186 90.08212
-17.37469 1.881895 90.08212
-17.28537 1.732409 90.08212
-17.19292 1.584821 90.08212
-17.10048 1.437232 90.08212
-17.00803 1.289643 90.08212
-16.91558 1.142055 90.08212
-16.82313 0.9944661 90.08212
-16.73068 0.8468775 90.08212
-16.63823 0.6992888 90.08212
-16.54578 0.5517004 90.08212
-16.45333 0.4041115 90.08212
-16.36088 0.2565231 90.08212
-16.26843 0.1089342 90.08212
-16.17598 -0.03865414 90.08212
-16.08353 -0.1862426 90.08212
-15.99108 -0.3338314 90.08212
-15.89863 -0.4814199 90.08212
-15.80507 -0.6282847 90.08212
-15.70728 -0.7723892 90.08212
-15.60949 -0.9164938 90.08212
-15.5117 -1.060599 90.08212
-15.41391 -1.204703 90.08212
-15.31303 -1.346311 90.08212
-15.19274 -1.472253 90.08212
-15.07246 -1.598195 90.08212
-14.95218 -1.724137 90.08212
-14.8319 -1.850079 90.08212
-14.71161 -1.976021 90.08212
-14.59133 -2.101963 90.08212
-14.47105 -2.227905 90.08212
-14.35077 -2.353848 90.08212
-14.23048 -2.479789 90.08212
-14.1102 -2.605731 90.08212
-13.98992 -2.731674 90.08212
-13.86964 -2.857616 90.08212
-13.74827 -2.982405 90.08212
-13.61506 -3.09458 90.08212
-13.48184 -3.206754 90.08212
-13.34863 -3.318929 90.08212
-13.21541 -3.431103 90.08212
-13.0822 -3.543278 90.08212
-12.94898 -3.655452 90.08212
-12.81577 -3.767626 90.08212
-12.68255 -3.879801 90.08212
-12.54934 -3.991976 90.08212
-12.41612 -4.10415 90.08212
-12.28291 -4.216324 90.08212
-12.14969 -4.328499 90.08212
-12.01585 -4.439844 90.08212
-11.87153 -4.537318 90.08212
-11.72721 -4.634793 90.08212
-11.5829 -4.732268 90.08212
-11.43858 -4.829742 90.08212
-11.29426 -4.927217 90.08212
-11.14994 -5.024692 90.08212
-11.00562 -5.122167 90.08212
-10.8613 -5.219641 90.08212
-10.71698 -5.317116 90.08212
-10.57266 -5.41459 90.08212
-10.42227 -5.502141 90.08212
-10.26984 -5.586374 90.08212
-10.11741 -5.670607 90.08212
-9.964986 -5.754839 90.08212
-9.812558 -5.839073 90.08212
-9.66013 -5.923306 90.08212
-9.507702 -6.007538 90.08212
-9.355275 -6.091771 90.08212
-9.202672 -6.175674 90.08212
-9.047893 -6.255504 90.08212
-8.893115 -6.335334 90.08212
-8.738336 -6.415165 90.08212
-8.583557 -6.494995 90.08212
-8.42878 -6.574825 90.08212
-8.274 -6.654656 90.08212
-8.119222 -6.734486 90.08212
-7.963814 -6.812858 90.08212
-7.799524 -6.870633 90.08212
-7.635233 -6.928407 90.08212
-7.470943 -6.986182 90.08212
-7.306651 -7.043957 90.08212
-7.142361 -7.101731 90.08212
-6.978071 -7.159505 90.08212
-6.81378 -7.21728 90.08212
-6.64949 -7.275055 90.08212
-6.4852 -7.332829 90.08212
-6.320908 -7.390604 90.08212
Stroke End
-4.83439 12.91911 90.08212
-4.376859 12.79268 90.08212
-3.913273 12.69385 90.08212
-3.444832 12.61715 90.08212
-2.976391 12.54045 90.08212
-2.507951 12.46375 90.08212
-2.03951 12.38706 90.08212
-1.566482 12.35482 90.08212
-1.09225 12.33426 90.08212
-0.6180167 12.3137 90.08212
-0.1437839 12.29315 90.08212
0.3304486 12.27259 90.08212
0.8046813 12.25204 90.08212
1.278914 12.23148 90.08212
1.753147 12.21092 90.08212
2.22738 12.19037 90.08212
2.701506 12.20932 90.08212
3.175621 12.23244 90.08212
3.649736 12.25556 90.08212
4.123851 12.27868 90.08212
4.597965 12.3018 90.08212
5.07208 12.32492 90.08212
5.546195 12.34804 90.08212
6.02031 12.37115 90.08212
6.494424 12.39427 90.08212
6.968539 12.41739 90.08212
7.442654 12.44051 90.08212
7.916605 12.46552 90.08212
8.387565 12.52482 90.08212
8.858524 12.58412 90.08212
9.329483 12.64341 90.08212
9.800443 12.70271 90.08212
10.2714 12.76201 90.08212
10.74236 12.82131 90.08212
11.21332 12.88061 90.08212
11.68428 12.93991 90.08212
12.15524 12.99921 90.08212
12.6262 13.05851 90.08212
13.09716 13.11781 90.08212
13.56812 13.17711 90.08212
14.03908 13.23641 90.08212
14.50877 13.30319 90.08212
14.97308 13.40188 90.08212
15.43739 13.50056 90.08212
15.90169 13.59924 90.08212
16.366 13.69792 90.08212
16.83031 13.79661 90.08212
17.29461 13.89529 90.08212
17.75892 13.99397 90.08212
18.22323 14.09266 90.08212
18.68754 14.19134 90.08212
19.15184 14.29002 90.08212
19.61615 14.38871 90.08212
20.08046 14.48739 90.08212
20.54477 14.58607 90.08212
21.00846 14.68749 90.08212
21.47079 14.79506 90.08212
21.93312 14.90263 90.08212
22.39545 15.01021 90.08212
22.85777 15.11778 90.08212
23.3201 15.22536 90.08212
23.78243 15.33293 90.08212
24.24476 15.4405 90.08212
24.70709 15.54808 90.08212
25.16942 15.65565 90.08212
25.63174 15.76322 90.08212
26.09407 15.8708 90.08212
26.5564 15.97837 90.08212
27.01873 16.08594 90.08212
27.48119 16.19297 90.08212
27.94369 16.29978 90.08212
28.40619 16.40659 90.08212
28.8687 16.5134 90.08212
29.3312 16.62021 90.08212
29.79371 16.72703 90.08212
30.25621 16.83384 90.08212
30.71872 16.94065 90.08212
31.18122 17.04746 90.08212
31.64373 17.15428 90.08212
32.10623 17.26109 90.08212
32.56874 17.3679 90.08212
33.03233 17.46984 90.08212
33.49628 17.57016 90.08212
33.96024 17.67048 90.08212
34.4242 17.77081 90.08212
34.88815 17.87113 90.08212
35.35211 17.97145 90.08212
35.81606 18.07178 90.08212
36.28002 18.1721 90.08212
36.74489 18.26798 90.08212
37.2105 18.36035 90.08212
37.67611 18.45271 90.08212
38.14171 18.54507 90.08212
38.60732 18.63743 90.08212
39.07292 18.7298 90.08212
39.53852 18.82216 90.08212
40.00541 18.90768 90.08212
40.47302 18.98927 90.08212
40.94063 19.07087 90.08212
41.40408 19.16952 90.08212
Stroke End
24.17196 40.31927 90.08213
24.14606 39.36513 90.08213
24.06775 38.41314 90.08212
23.99517 37.46076 90.08212
23.94287 36.50699 90.08212
23.89056 35.55322 90.08212
23.83779 34.59948 90.08212
23.77761 33.64617 90.08212
23.71743 32.69287 90.08212
23.65726 31.73956 90.08212
23.59708 30.78625 90.08212
23.54666 29.83239 90.08212
23.49687 28.87848 90.08212
23.44707 27.92458 90.08212
23.39728 26.97067 90.08212
23.34749 26.01677 90.08212
23.32895 25.06177 90.08212
23.31166 24.10672 90.08212
23.29438 23.15167 90.08212
23.2771 22.19662 90.08212
23.26292 21.24155 90.08212
23.26292 20.28635 90.08212
23.26292 19.33114 90.08212
23.26292 18.37594 90.08212
23.26292 17.42074 90.08212
23.26678 16.4656 90.08212
23.30133 15.51102 90.08212
23.33589 14.55644 90.08212
23.35629 13.6015 90.08212
23.37119 12.64641 90.08212
23.38609 11.69132 90.08212
23.40098 10.73624 90.08212
23.41588 9.781151 90.08212
23.42566 8.826062 90.08212
23.41101 7.870971 90.08212
23.39636 6.915879 90.08212
23.38172 5.960791 90.08212
23.36707 5.005699 90.08212
23.35242 4.050607 90.08212
23.33165 3.095646 90.08212
23.30547 2.140801 90.08212
23.27929 1.185956 90.08212
23.25311 0.2311154 90.08212
23.22692 -0.7237295 90.08212
23.20074 -1.678574 90.08212
23.16886 -2.633185 90.08212
23.11656 -3.586956 90.08212
23.06426 -4.540728 90.08212
23.01196 -5.494495 90.08211
22.95966 -6.448266 90.08211
22.90736 -7.402037 90.08211
22.85506 -8.355808 90.08211
22.80413 -9.309653 90.08211
22.75336 -10.26351 90.08211
22.7026 -11.21736 90.08211
22.65183 -12.17121 90.08211
22.60106 -13.12506 90.08211
22.55029 -14.07892 90.08211
22.49293 -15.03236 90.08211
22.42513 -15.98516 90.08211
22.35732 -16.93795 90.08211
22.28952 -17.89074 90.08211
22.22171 -18.84354 90.08211
22.15391 -19.79633 90.08211
22.08611 -20.74912 90.08211
22.0183 -21.70192 90.08211
21.9505 -22.65471 90.08211
21.84887 -23.60439 90.08211
21.74152 -24.55355 90.08211
21.65187 -25.50439 90.08211
21.57695 -26.45666 90.08211
21.50203 -27.40891 90.0821
21.42711 -28.36117 90.0821
21.34374 -29.31249 90.0821
21.2058 -30.25768 90.0821
21.06786 -31.20287 90.0821
20.93711 -32.14891 90.0821
20.85103 -33.10022 90.0821
20.74661 -34.04906 90.0821
20.61846 -34.99276 90.0821
20.43312 -35.75632 90.0821
19.51982 -35.47891 90.0821
18.64052 -35.10666 90.0821
17.79103 -34.67586 90.0821
16.99019 -34.15521 90.0821
16.17444 -33.65886 90.0821
15.34778 -33.18028 90.0821
14.52038 -32.70295 90.0821
13.69221 -32.227 90.0821
12.86402 -31.75104 90.0821
12.1001 -31.17781 90.0821
11.33724 -30.60295 90.0821
10.61055 -29.98471 90.0821
9.907939 -29.33761 90.08211
9.205324 -28.69049 90.08211
8.502717 -28.04338 90.08211
7.80868 -27.38729 90.08211
7.129479 -26.71565 90.08211
6.45003 -26.04426 90.08211
5.766163 -25.37737 90.08211
Stroke End
24.5025 12.00575 90.08212
24.29871 11.46392 90.08212
24.05631 10.93808 90.08212
23.78758 10.42508 90.08212
23.51886 9.912085 90.08212
23.25013 9.399086 90.08212
22.98022 8.886704 90.08212
22.70991 8.37454 90.08212
22.37465 7.90671 90.08212
21.99611 7.468425 90.08212
21.61757 7.030141 90.08212
21.23904 6.591856 90.08212
20.86 6.154036 90.08212
20.44941 5.745625 90.08212
20.03882 5.337215 90.08212
19.62823 4.928804 90.08212
19.21764 4.520393 90.08212
18.80705 4.111983 90.08212
18.39646 3.703572 90.08212
17.97881 3.30239 90.08212
17.561 2.901374 90.08212
17.14318 2.500359 90.08212
16.72536 2.099344 90.08212
16.30755 1.698328 90.08212
15.88973 1.297313 90.08212
15.47192 0.8962979 90.08212
15.04294 0.5076656 90.08212
14.60093 0.1334843 90.08212
14.15892 -0.2406969 90.08212
13.71691 -0.6148783 90.08212
13.2749 -0.9890608 90.08212
12.83289 -1.363242 90.08212
12.39089 -1.737423 90.08212
11.94888 -2.111605 90.08212
11.50687 -2.485786 90.08212
11.07517 -2.871665 90.08212
10.64845 -3.263194 90.08212
10.22173 -3.654722 90.08212
9.795015 -4.046251 90.08212
9.368297 -4.43778 90.08212
8.941578 -4.829309 90.08212
8.51486 -5.220839 90.08212
8.088142 -5.612367 90.08212
7.661424 -6.003896 90.08212
7.234706 -6.395425 90.08212
6.805744 -6.784473 90.08212
6.373554 -7.169955 90.08212
5.941365 -7.555436 90.08212
5.509177 -7.940917 90.08212
5.076988 -8.326398 90.08212
4.644799 -8.71188 90.08212
4.212609 -9.097362 90.08211
3.78042 -9.482842 90.08211
3.348232 -9.868324 90.08211
2.916043 -10.25381 90.08211
2.483854 -10.63929 90.08211
2.047864 -11.02042 90.08211
1.608236 -11.3974 90.08211
1.168611 -11.77437 90.08211
0.7289836 -12.15135 90.08211
0.2893559 -12.52833 90.08211
-0.1502688 -12.90531 90.08211
-0.5898965 -13.28228 90.08211
-1.029521 -13.65926 90.08211
-1.469149 -14.03624 90.08211
-1.908777 -14.41322 90.08211
-2.348402 -14.79019 90.08211
-2.781315 -15.17478 90.08211
-3.209907 -15.56425 90.08211
-3.638501 -15.95372 90.08211
-4.067096 -16.3432 90.08211
-4.495688 -16.73268 90.08211
-4.924283 -17.12215 90.08211
-5.352874 -17.51163 90.08211
-5.781469 -17.9011 90.08211
-6.210063 -18.29058 90.08211
-6.649016 -18.66831 90.08211
-7.08873 -19.04519 90.08211
-7.52844 -19.42207 90.08211
-7.968153 -19.79894 90.08211
-8.407866 -20.17582 90.08211
-8.847577 -20.5527 90.08211
-9.287291 -20.92958 90.08211
-9.727001 -21.30645 90.08211
-10.16671 -21.68333 90.08211
-10.6083 -22.058 90.08211
-11.05061 -22.43183 90.08211
-11.49292 -22.80565 90.08211
-11.93523 -23.17948 90.08211
-12.37754 -23.55331 90.08211
-12.81985 -23.92713 90.08211
-13.26869 -24.29284 90.08211
-13.72862 -24.64476 90.08211
-14.19018 -24.99419 90.08211
-14.69706 -25.2743 90.08211
-15.20393 -25.5544 90.08211
-15.71081 -25.8345 90.08211
-16.21769 -26.11461 90.08211
-16.74461 -26.35379 90.08211
-17.27667 -26.58247 90.08211
Stroke End
