3
-23.67612 15.56778 90.08212
-23.67612 15.295 90.08212
-23.67612 15.02223 90.08212
-23.67612 14.74945 90.08212
-23.67612 14.47667 90.08212
-23.67612 14.20389 90.08212
-23.67612 13.93111 90.08212
-23.67611 13.65833 90.08212
-23.67611 13.38556 90.08212
-23.67611 13.11278 90.08212
-23.67611 12.84 90.08212
-23.67611 12.56722 90.08212
-23.67611 12.29444 90.08212
-23.67612 12.02166 90.08212
-23.67612 11.74888 90.08212
-23.67612 11.47611 90.08212
-23.67612 11.20333 90.08212
-23.67612 10.93055 90.08212
-23.67612 10.65777 90.08212
-23.67612 10.38499 90.08212
-23.67612 10.11221 90.08212
-23.67612 9.839434 90.08212
-23.67612 9.566655 90.08212
-23.67612 9.293877 90.08212
-23.67612 9.021098 90.08212
-23.67612 8.74832 90.08212
-23.67612 8.475541 90.08212
-23.67904 8.202836 90.08212
-23.69274 7.930402 90.08212
-23.70643 7.657967 90.08212
-23.72013 7.385532 90.08212
-23.73382 7.113098 90.08212
-23.74752 6.840663 90.08212
-23.76121 6.568229 90.08212
-23.77491 6.295794 90.08212
-23.7886 6.02336 90.08212
-23.8023 5.750925 90.08212
-23.81599 5.478491 90.08212
-23.82969 5.206056 90.08212
-23.84289 4.9336 90.08212
-23.85316 4.661015 90.08212
-23.86344 4.38843 90.08212
-23.87371 4.115845 90.08212
-23.88399 3.84326 90.08212
-23.89427 3.570675 90.08212
-23.90454 3.298091 90.08212
-23.91482 3.025506 90.08212
-23.92509 2.752921 90.08212
-23.93537 2.480335 90.08212
-23.94565 2.20775 90.08212
-23.95592 1.935165 90.08212
-23.9662 1.662581 90.08212
-23.97647 1.389996 90.08212
-23.98675 1.117411 90.08212
-23.99702 0.8448259 90.08212
-24.00818 0.5722975 90.08212
-24.03276 0.3006288 90.08212
-24.05734 0.02896014 90.08212
-24.08193 -0.2427085 90.08212
-24.10651 -0.5143762 90.08212
-24.13109 -0.7860458 90.08212
-24.15567 -1.057714 90.08212
-24.18025 -1.329383 90.08212
-24.20483 -1.601051 90.08212
-24.22941 -1.87272 90.08212
-24.25399 -2.14439 90.08212
-24.27858 -2.416058 90.08212
-24.30316 -2.687727 90.08212
-24.32774 -2.959395 90.08212
-24.35702 -3.230572 90.08212
-24.38927 -3.501437 90.08212
-24.42152 -3.772303 90.08212
-24.45377 -4.043168 90.08212
-24.48601 -4.314034 90.08212
-24.51826 -4.584899 90.08212
-24.55051 -4.855766 90.08212
-24.58276 -5.126631 90.08212
-24.615 -5.397497 90.08212
-24.64725 -5.668362 90.08212
-24.6795 -5.939229 90.08212
-24.71175 -6.210093 90.08212
-24.74399 -6.48096 90.08212
-24.76684 -6.752738 90.08212
-24.78735 -7.024745 90.08212
-24.80786 -7.296751 90.08212
-24.82837 -7.568759 90.08212
-24.84888 -7.840765 90.08212
-24.86939 -8.112772 90.08212
-24.88989 -8.384777 90.08212
-24.9104 -8.656785 90.08212
-24.9157 -8.929363 90.08212
-24.9157 -9.202144 90.08212
-24.9157 -9.474921 90.08212
-24.9157 -9.747701 90.08212
-24.9157 -10.02048 90.08212
-24.9157 -10.29326 90.08212
-24.9157 -10.56604 90.08212
-24.91571 -10.83881 90.08212
-24.91571 -11.11159 90.08212
-24.94977 -11.38131 90.08212
Stroke End
-20.78375 16.48112 90.08212
-19.76963 16.79496 90.08212
-18.7555 17.10879 90.08212
-17.72085 17.34583 90.08212
-16.6854 17.57991 90.08212
-15.64995 17.81399 90.08212
-14.61195 18.03607 90.08212
-13.57086 18.24357 90.08212
-12.52976 18.45106 90.08212
-11.48866 18.65856 90.08212
-10.44756 18.86605 90.08212
-9.410568 19.09266 90.08212
-8.376216 19.33153 90.08212
-7.341866 19.5704 90.08212
-6.307514 19.80927 90.08212
-5.273163 20.04815 90.08212
-4.242229 20.30029 90.08212
-3.22122 20.59094 90.08212
-2.200208 20.8816 90.08212
-1.179198 21.17225 90.08212
-0.1581884 21.4629 90.08212
0.8628232 21.75356 90.08212
1.887641 22.03045 90.08212
2.912815 22.30606 90.08212
3.937992 22.58167 90.08212
4.963166 22.85727 90.08212
5.988341 23.13288 90.08212
7.013515 23.40849 90.08212
8.050951 23.63327 90.08212
9.08904 23.85533 90.08212
10.12713 24.07739 90.08212
11.16522 24.29946 90.08212
12.20351 24.52036 90.08212
13.25622 24.65724 90.08212
14.30894 24.79411 90.08212
15.36165 24.93099 90.08212
16.41442 25.06731 90.08212
17.47285 25.14893 90.08212
18.53129 25.23055 90.08212
19.58973 25.31216 90.08212
20.6482 25.28786 90.08212
21.70671 25.20717 90.08212
22.76391 25.11252 90.08212
23.81906 24.99591 90.08212
24.83302 24.69415 90.08212
25.80504 24.28018 90.08212
26.41383 23.4388 90.08212
26.69476 22.42146 90.08212
26.81492 21.36722 90.08212
26.78063 20.3062 90.08212
26.74635 19.24518 90.08212
26.7018 18.18457 90.08212
26.6513 17.12419 90.08212
26.60081 16.06382 90.08212
26.53644 15.00436 90.08212
26.4474 13.94652 90.08212
26.35837 12.88869 90.08212
26.26933 11.83085 90.08212
26.16226 10.77478 90.08212
26.04536 9.719655 90.08212
25.92846 8.664538 90.08212
25.81156 7.609414 90.08212
25.71219 6.552722 90.08212
25.63848 5.493707 90.08212
25.56478 4.434693 90.08212
25.49107 3.375679 90.08212
25.41736 2.316664 90.08212
25.27527 1.26484 90.08212
25.12732 0.2136247 90.08212
24.97936 -0.8375911 90.08212
24.83204 -1.888879 90.08212
24.7409 -2.946536 90.08212
24.64976 -4.004193 90.08211
24.55861 -5.061843 90.08211
24.42329 -6.113243 90.08211
24.21717 -7.15462 90.08211
24.01106 -8.195996 90.08211
23.81986 -9.240131 90.08211
23.63956 -10.28628 90.08211
23.44307 -11.32947 90.08211
23.20808 -12.3642 90.08211
22.85532 -13.26124 90.08211
21.82747 -13.06296 90.08211
20.81285 -12.75645 90.08211
19.83632 -12.34346 90.08211
18.88165 -11.87921 90.08211
17.94028 -11.39031 90.08211
17.02871 -10.84627 90.08211
16.11714 -10.30222 90.08211
15.20557 -9.758183 90.08211
14.29399 -9.214142 90.08211
13.3878 -8.661238 90.08211
12.48577 -8.101653 90.08211
11.60104 -7.514964 90.08211
10.71632 -6.928275 90.08212
9.837002 -6.333668 90.08212
8.968676 -5.722963 90.08212
8.110646 -5.098645 90.08212
7.28593 -4.430221 90.08212
6.47808 -3.741817 90.08212
Stroke End
0.2892339 39.13195 90.08213
0.1845851 38.28604 90.08213
0.1363724 37.43346 90.08213
0.1034793 36.58019 90.08213
0.07589924 35.72669 90.08213
0.04831915 34.8732 90.08213
0.04131914 34.01936 90.08213
0.04131914 33.16542 90.08213
0.04131914 32.31147 90.08212
0.04131914 31.45753 90.08212
0.04131914 30.60358 90.08212
0.04131914 29.74964 90.08212
0.04131914 28.89569 90.08212
0.02785534 28.04204 90.08212
-0.008902499 27.18888 90.08212
-0.04566037 26.33573 90.08212
-0.08241821 25.48258 90.08212
-0.119176 24.62942 90.08212
-0.1067238 23.77578 90.08212
-0.08691854 22.92206 90.08212
-0.06711328 22.06835 90.08212
-0.04730803 21.21463 90.08212
-0.05303466 20.36087 90.08212
-0.06982838 19.50709 90.08212
-0.0866221 18.65331 90.08212
-0.1034159 17.79953 90.08212
-0.1202096 16.94575 90.08212
-0.1239593 16.09184 90.08212
-0.1239595 15.2379 90.08212
-0.1239596 14.38396 90.08212
-0.1239597 13.53001 90.08212
-0.1239598 12.67606 90.08212
-0.1239595 11.82212 90.08212
-0.1239593 10.96818 90.08212
-0.1239591 10.11423 90.08212
-0.123959 9.260284 90.08212
-0.1239588 8.406341 90.08212
-0.1239587 7.552396 90.08212
-0.1239585 6.698449 90.08212
-0.1239583 5.844507 90.08212
-0.1239582 4.99056 90.08212
-0.1274545 4.136649 90.08212
-0.1426025 3.282836 90.08212
-0.1577505 2.429024 90.08212
-0.1728984 1.575215 90.08212
-0.1880464 0.7214023 90.08212
-0.2031943 -0.1324065 90.08212
-0.2315392 -0.985853 90.08212
-0.2637101 -1.83919 90.08212
-0.2933812 -2.692606 90.08212
-0.3134446 -3.546317 90.08212
-0.3335078 -4.400024 90.08212
-0.3535711 -5.253735 90.08212
-0.3736343 -6.107442 90.08212
-0.3936976 -6.961153 90.08212
-0.413761 -7.814864 90.08212
-0.4338242 -8.668571 90.08212
-0.4538875 -9.522282 90.08212
-0.4545161 -10.37622 90.08212
-0.4545156 -11.23016 90.08211
-0.4719927 -12.0835 90.08211
-0.5312836 -12.93538 90.08211
-0.5905748 -13.78727 90.08211
-0.6498657 -14.63915 90.08211
-0.7091569 -15.49104 90.08211
-0.7684481 -16.34292 90.08211
-0.8393701 -17.19389 90.08211
-0.9148241 -18.04449 90.08211
-0.9902778 -18.89509 90.08211
-1.065732 -19.7457 90.08211
-1.141186 -20.59631 90.08211
-1.214576 -21.44708 90.08211
-1.281557 -22.2984 90.08211
-1.348537 -23.14971 90.08211
-1.415518 -24.00103 90.08211
-1.482498 -24.85234 90.08211
-1.549479 -25.70366 90.08211
-1.616458 -26.55497 90.08211
-1.683437 -27.40628 90.08211
-1.750417 -28.25759 90.08211
-1.817397 -29.10891 90.08211
-1.859379 -29.96121 90.08211
-1.85938 -30.81515 90.08211
-1.859382 -31.6691 90.0821
-1.859383 -32.52304 90.0821
-1.868561 -33.37687 90.0821
-1.890629 -34.23053 90.0821
-1.912698 -35.08419 90.0821
-1.934766 -35.93785 90.0821
-1.942023 -36.7917 90.0821
-1.942024 -37.64565 90.0821
-1.942025 -38.49959 90.0821
-1.942025 -39.35353 90.0821
-1.942023 -40.20748 90.0821
-1.942021 -41.06142 90.0821
-1.942021 -41.91536 90.0821
-1.942021 -42.76931 90.0821
-1.942021 -43.62326 90.0821
-1.942019 -44.47721 90.0821
-1.997762 -45.32863 90.0821
Stroke End
