4
-2.924337 37.18948 89.63548
-2.883443 36.23709 89.63548
-2.84196 35.28471 89.63548
-2.841954 34.33064 89.63548
-2.841958 33.37656 89.63548
-2.84196 32.42249 89.63548
-2.841959 31.46841 89.63547
-2.81976 30.51497 89.63547
-2.765896 29.56241 89.63547
-2.717298 28.60958 89.63547
-2.67721 27.65651 89.63547
-2.677209 26.70243 89.63547
-2.677208 25.74836 89.63547
-2.67721 24.79428 89.63547
-2.638007 23.84131 89.63547
-2.584139 22.88876 89.63547
-2.530271 21.9362 89.63547
-2.512457 20.98263 89.63547
-2.556905 20.03023 89.63547
-2.62864 19.07885 89.63547
-2.677209 18.12661 89.63547
-2.67721 17.17253 89.63547
-2.67721 16.21846 89.63547
-2.677211 15.26438 89.63547
-2.62551 14.31264 89.63547
-2.594834 13.35995 89.63547
-2.594834 12.40587 89.63547
-2.617355 11.45255 89.63547
-2.681158 10.50061 89.63546
-2.74496 9.548672 89.63546
-2.724609 8.595919 89.63546
-2.679225 7.642922 89.63546
-2.633842 6.689928 89.63546
-2.594833 5.736781 89.63546
-2.594832 4.782706 89.63546
-2.71244 3.835938 89.63546
-2.830591 2.889208 89.63546
-2.93661 1.941344 89.63546
-2.996029 0.9891211 89.63546
-3.055447 0.03689875 89.63546
-3.089086 -0.9161311 89.63546
-3.089087 -1.870206 89.63546
-3.089087 -2.824281 89.63546
-3.142064 -3.776811 89.63546
-3.197664 -4.729265 89.63546
-3.253264 -5.681719 89.63546
-3.314734 -6.633815 89.63546
-3.376266 -7.585903 89.63546
-3.398677 -8.537945 89.63546
-3.334877 -9.489883 89.63546
-3.271075 -10.44182 89.63546
-3.293156 -11.39421 89.63546
-3.348 -12.34671 89.63545
-3.406746 -13.29897 89.63545
-3.465492 -14.25124 89.63545
-3.524238 -15.2035 89.63545
-3.582984 -16.15577 89.63545
-3.452595 -17.10078 89.63545
-3.35033 -18.0492 89.63545
-3.258271 -18.99882 89.63545
-3.170016 -19.94868 89.63545
-3.144634 -20.90241 89.63545
-3.119253 -21.85616 89.63545
-3.093872 -22.80989 89.63545
-3.037316 -23.76217 89.63545
-2.973516 -24.71411 89.63545
-2.909716 -25.66605 89.63545
-2.845915 -26.61799 89.63545
-2.782115 -27.56993 89.63545
-2.759587 -28.52325 89.63545
-2.759588 -29.47733 89.63545
-2.759588 -30.4314 89.63545
-2.759588 -31.38548 89.63545
-2.759588 -32.33955 89.63545
-2.808832 -33.29232 89.63544
-2.841966 -34.24551 89.63544
-2.841962 -35.19959 89.63544
-2.841958 -36.15366 89.63544
-2.841958 -37.10773 89.63544
-3.315404 -37.60782 89.63544
-4.140676 -37.14353 89.63544
-4.933342 -36.61465 89.63544
-5.691066 -36.0349 89.63544
-6.464303 -35.47604 89.63544
-7.238275 -34.91816 89.63544
-8.032651 -34.391 89.63544
-8.846869 -33.89369 89.63544
-9.661089 -33.39639 89.63545
-10.4753 -32.89908 89.63545
-11.30777 -32.4337 89.63545
-12.14952 -31.98459 89.63545
-12.99128 -31.53547 89.63545
-13.85499 -31.13082 89.63545
-14.72337 -30.73563 89.63545
-15.59176 -30.34044 89.63545
-16.46963 -29.96735 89.63545
-17.35386 -29.60901 89.63545
-18.23809 -29.25068 89.63545
-19.12604 -28.9017 89.63545
-20.00257 -28.52872 89.63545
Stroke End
-37.76924 8.875195 89.63547
-37.06429 8.894062 89.63547
-36.35976 8.929467 89.63547
-35.65523 8.964872 89.63547
-34.9524 9.025168 89.63547
-34.24965 9.086486 89.63547
-33.5469 9.147802 89.63547
-32.84415 9.209119 89.63547
-32.14155 9.272143 89.63547
-31.43905 9.336344 89.63547
-30.73617 9.396101 89.63547
-30.03328 9.455858 89.63547
-29.3304 9.515615 89.63547
-28.62751 9.575373 89.63547
-27.92622 9.650263 89.63547
-27.22636 9.738659 89.63547
-26.5265 9.827055 89.63547
-25.82664 9.915452 89.63547
-25.12758 10.00976 89.63547
-24.4297 10.1126 89.63547
-23.73181 10.21544 89.63547
-23.03393 10.31829 89.63547
-22.33287 10.39597 89.63547
-21.63132 10.46981 89.63547
-20.92977 10.54365 89.63547
-20.22823 10.6175 89.63547
-19.52668 10.69134 89.63547
-18.82724 10.78287 89.63547
-18.12794 10.87562 89.63547
-17.42864 10.96836 89.63547
-16.72985 11.06487 89.63547
-16.03036 11.15127 89.63547
-15.32494 11.15127 89.63547
-14.61952 11.15127 89.63547
-13.9141 11.15127 89.63547
-13.59098 10.92477 89.63547
-13.82915 10.26761 89.63547
-13.96887 9.576172 89.63547
-14.1245 8.888133 89.63547
-14.2953 8.203917 89.63547
-14.4845 7.524341 89.63547
-14.68399 6.84775 89.63547
-14.89106 6.173493 89.63546
-15.13112 5.510179 89.63546
-15.37291 4.847561 89.63546
-15.66367 4.204851 89.63546
-15.9673 3.568437 89.63546
-16.29658 2.944579 89.63546
-16.6463 2.332271 89.63546
-17.01065 1.728232 89.63546
-17.38523 1.130738 89.63546
-17.78134 0.5470224 89.63546
-18.17744 -0.03668973 89.63546
-18.58399 -0.6131507 89.63546
-18.99272 -1.188089 89.63546
-19.42795 -1.7426 89.63546
-19.88014 -2.284024 89.63546
-20.2879 -2.8562 89.63546
-20.63514 -3.470239 89.63546
-20.98368 -4.083507 89.63546
-21.35628 -4.682497 89.63546
-21.72888 -5.281487 89.63546
-22.08422 -5.890676 89.63546
-22.42894 -6.50613 89.63546
-22.77367 -7.121584 89.63546
-23.18432 -7.689672 89.63546
-23.65761 -8.212756 89.63546
-24.1309 -8.735843 89.63546
-24.60578 -9.257337 89.63546
-25.129 -9.730469 89.63546
-25.65223 -10.2036 89.63546
-26.17546 -10.67673 89.63546
-26.68556 -11.1637 89.63546
-27.18569 -11.66119 89.63546
-27.6611 -12.18225 89.63546
-28.13439 -12.70533 89.63546
-28.60768 -13.22842 89.63546
-29.08097 -13.7515 89.63546
-29.54917 -14.279 89.63546
-29.9995 -14.82197 89.63546
-30.46493 -15.35052 89.63546
-30.98722 -15.82468 89.63546
-31.50951 -16.29884 89.63546
-32.03181 -16.773 89.63546
-32.5541 -17.24717 89.63546
-33.0813 -17.71585 89.63546
-33.60977 -18.18312 89.63546
-34.13824 -18.65038 89.63546
-34.65384 -19.13164 89.63546
-35.16327 -19.6196 89.63545
-35.65339 -20.12495 89.63545
-36.0857 -20.68238 89.63545
-36.51801 -21.23981 89.63545
-36.95032 -21.79723 89.63545
-37.38263 -22.35466 89.63545
-37.92033 -22.79859 89.63545
-38.50824 -23.18844 89.63545
-39.09615 -23.57829 89.63545
-39.72119 -23.90411 89.63545
-40.35154 -24.22078 89.63545
Stroke End
21.62361 22.07641 89.63547
21.47696 21.80628 89.63547
21.31156 21.54944 89.63547
21.10534 21.32153 89.63547
20.89912 21.09361 89.63547
20.69291 20.86569 89.63547
20.47809 20.64659 89.63547
20.245 20.44623 89.63547
20.01192 20.24587 89.63547
19.77793 20.0466 89.63547
19.53836 19.85404 89.63547
19.29879 19.66148 89.63547
19.05922 19.46892 89.63547
18.8269 19.2682 89.63547
18.60765 19.05279 89.63547
18.38839 18.83739 89.63547
18.16913 18.62198 89.63547
17.97766 18.38162 89.63547
17.78687 18.14064 89.63547
17.59607 17.89965 89.63547
17.41854 17.64878 89.63547
17.24164 17.39742 89.63547
17.06475 17.14606 89.63547
16.88555 16.89635 89.63547
16.70532 16.64736 89.63547
16.5251 16.39838 89.63547
16.34477 16.14947 89.63547
16.16189 15.90243 89.63547
15.97902 15.65539 89.63547
15.79614 15.40835 89.63547
15.61326 15.16131 89.63547
15.40743 14.93307 89.63547
15.20121 14.70516 89.63547
14.99499 14.47724 89.63546
14.78877 14.24932 89.63546
14.57516 14.02947 89.63546
14.33 13.84408 89.63546
14.08484 13.65869 89.63546
13.83968 13.47331 89.63546
13.59452 13.28792 89.63546
13.34936 13.10253 89.63546
13.10419 12.91714 89.63546
12.85719 12.73422 89.63546
12.60974 12.5519 89.63546
12.36229 12.36957 89.63546
12.11485 12.18725 89.63546
11.8674 12.00492 89.63546
11.61995 11.8226 89.63546
11.38129 11.62902 89.63546
11.14466 11.43287 89.63546
10.90809 11.23664 89.63546
10.67391 11.03755 89.63546
10.43974 10.83846 89.63546
10.20556 10.63938 89.63546
9.97139 10.44029 89.63546
9.749949 10.22807 89.63546
9.543727 10.00016 89.63546
9.337506 9.77224 89.63546
9.131285 9.544323 89.63546
8.925063 9.316405 89.63546
8.713358 9.093639 89.63546
8.498854 8.873501 89.63546
8.284349 8.653361 89.63546
8.069846 8.433224 89.63546
7.855341 8.213084 89.63546
7.640999 7.992788 89.63546
7.427062 7.772099 89.63546
7.213123 7.55141 89.63546
6.999184 7.330721 89.63546
6.785247 7.110033 89.63546
6.571309 6.889343 89.63546
6.341444 6.68666 89.63546
6.096283 6.501273 89.63546
5.85112 6.315885 89.63546
5.605958 6.130497 89.63546
5.360796 5.94511 89.63546
5.115634 5.759722 89.63546
4.869791 5.575261 89.63546
4.61923 5.397241 89.63546
4.368667 5.219219 89.63546
4.118105 5.041198 89.63546
3.867542 4.863176 89.63546
3.614809 4.688287 89.63546
3.3601 4.516253 89.63546
3.10539 4.344217 89.63546
2.85068 4.172182 89.63546
2.595971 4.000148 89.63546
2.34126 3.828112 89.63546
2.082925 3.661627 89.63546
1.82305 3.4975 89.63546
1.563175 3.333372 89.63546
1.303299 3.169244 89.63546
1.043613 3.00482 89.63546
0.7844481 2.839571 89.63546
0.5252837 2.674322 89.63546
0.2661209 2.509073 89.63546
0.006956463 2.343824 89.63546
-0.2522078 2.178575 89.63546
-0.5113707 2.013327 89.63546
-0.7705351 1.848077 89.63546
Stroke End
-0.4530675 2.411184 89.63546
-0.07073455 2.073114 89.63546
0.3258648 1.751964 89.63546
0.7236589 1.43223 89.63546
1.126308 1.118687 89.63546
1.531631 0.808553 89.63546
1.93697 0.4984401 89.63546
2.347845 0.1957007 89.63546
2.758721 -0.1070386 89.63546
3.150297 -0.4333974 89.63546
3.528841 -0.7757043 89.63546
3.907385 -1.118011 89.63546
4.285931 -1.460316 89.63546
4.664477 -1.802622 89.63546
5.031304 -2.157359 89.63546
5.395374 -2.515022 89.63546
5.742707 -2.88875 89.63546
6.085127 -3.267192 89.63546
6.445917 -3.628004 89.63546
6.809984 -3.985669 89.63546
7.156466 -4.360212 89.63546
7.498883 -4.738657 89.63546
7.882502 -5.074607 89.63546
8.271339 -5.405175 89.63546
8.661744 -5.733831 89.63546
9.06232 -6.050073 89.63546
9.455826 -6.374984 89.63546
9.846216 -6.703716 89.63546
10.23661 -7.032449 89.63546
10.627 -7.361182 89.63546
11.02131 -7.685025 89.63546
11.42663 -7.99516 89.63546
11.83196 -8.305294 89.63545
12.21871 -8.63754 89.63545
12.59506 -8.982244 89.63545
12.97361 -9.32455 89.63545
13.35215 -9.666856 89.63545
13.74822 -9.988613 89.63545
14.14601 -10.30835 89.63545
14.55912 -10.6074 89.63545
14.98112 -10.89442 89.63545
15.40644 -11.17577 89.63545
15.86341 -11.40304 89.63545
16.32038 -11.63031 89.63545
16.77735 -11.85757 89.63545
17.22352 -12.10432 89.63545
17.65844 -12.37136 89.63545
18.09337 -12.6384 89.63545
18.52708 -12.90729 89.63545
18.947 -13.19736 89.63545
19.36692 -13.48742 89.63545
19.78684 -13.77749 89.63545
20.20311 -14.07277 89.63545
20.61915 -14.36836 89.63545
21.03355 -14.6662 89.63545
21.43991 -14.97497 89.63545
21.84628 -15.28374 89.63545
22.25264 -15.59251 89.63545
22.65364 -15.90819 89.63545
23.05423 -16.22443 89.63545
23.45627 -16.53859 89.63545
23.88778 -16.81111 89.63545
24.31929 -17.08363 89.63545
24.75081 -17.35616 89.63545
25.18269 -17.62807 89.63545
25.62384 -17.88468 89.63545
26.065 -18.14129 89.63545
26.50616 -18.39791 89.63545
26.95341 -18.6434 89.63545
27.407 -18.87735 89.63545
27.86058 -19.11129 89.63545
28.31497 -19.34367 89.63545
28.7696 -19.57557 89.63545
29.22695 -19.80196 89.63545
29.69016 -20.01591 89.63545
30.16371 -20.20623 89.63545
30.63726 -20.39655 89.63545
31.11081 -20.58687 89.63545
31.58436 -20.77718 89.63545
32.05791 -20.9675 89.63545
32.52983 -21.16174 89.63545
32.99952 -21.36139 89.63545
33.47111 -21.55609 89.63545
33.9543 -21.7204 89.63545
34.43748 -21.88472 89.63545
34.92067 -22.04904 89.63545
35.40385 -22.21336 89.63545
35.88543 -22.38229 89.63545
36.36635 -22.55314 89.63545
36.84727 -22.72398 89.63544
37.32819 -22.89483 89.63544
37.8091 -23.06567 89.63544
38.29815 -23.21141 89.63544
38.78798 -23.35472 89.63544
39.27781 -23.49803 89.63544
39.76764 -23.64133 89.63544
40.25747 -23.78464 89.63544
40.74734 -23.92779 89.63544
41.2374 -24.07031 89.63544
41.72746 -24.21283 89.63544
Stroke End
