4
wood
80
-37.72478 12.37109 90.08212
-37.07102 12.35878 90.08212
-36.41751 12.33387 90.08212
-35.76399 12.30896 90.08212
-35.11048 12.28405 90.08212
-34.4568 12.29548 90.08212
-33.80309 12.3145 90.08212
-33.14938 12.33351 90.08212
-32.49566 12.35253 90.08212
-31.842 12.3724 90.08212
-31.19036 12.4278 90.08212
-30.53872 12.4832 90.08212
-29.88708 12.5386 90.08212
-29.23545 12.594 90.08212
-28.58381 12.6494 90.08212
-27.93217 12.7048 90.08212
-27.28053 12.7602 90.08212
-26.62889 12.8156 90.08212
-25.98011 12.89685 90.08212
-25.33214 12.98536 90.08212
-24.68417 13.07388 90.08212
-24.0362 13.16239 90.08212
-23.38823 13.2509 90.08212
-22.74026 13.33942 90.08212
-22.09229 13.42793 90.08212
-21.44431 13.51645 90.08212
-20.79634 13.60496 90.08212
-20.14837 13.69347 90.08212
-19.5004 13.78199 90.08212
-18.85535 13.88784 90.08212
-18.21418 14.01668 90.08212
-17.57301 14.14552 90.08212
-16.93183 14.27436 90.08212
-16.29066 14.4032 90.08212
-15.64949 14.53204 90.08212
-15.00832 14.66088 90.08212
-14.36714 14.78972 90.08212
-13.72597 14.91856 90.08212
-13.0848 15.0474 90.08212
-12.44363 15.17624 90.08212
-11.80245 15.30508 90.08212
-11.16128 15.43392 90.08212
-10.51725 15.54705 90.08212
-9.871804 15.65243 90.08212
-9.226362 15.75781 90.08212
-8.580918 15.86318 90.08212
-7.935474 15.96856 90.08212
-7.290032 16.07395 90.08212
-6.644588 16.17933 90.08212
-5.999144 16.2847 90.08212
-5.353702 16.39009 90.08212
-4.708256 16.49546 90.08212
-4.062814 16.60085 90.08212
-3.417079 16.70439 90.08212
-2.770906 16.80521 90.08212
-2.124737 16.90604 90.08212
-1.478568 17.00686 90.08212
-0.8323947 17.10769 90.08212
-0.1862255 17.20851 90.08212
0.4599437 17.30933 90.08212
1.106117 17.41016 90.08212
1.752286 17.51098 90.08212
2.398455 17.6118 90.08212
3.044628 17.71263 90.08212
3.69309 17.7958 90.08212
4.343568 17.86347 90.08212
4.99405 17.93113 90.08212
5.644528 17.9988 90.08212
6.295006 18.06646 90.08212
6.945488 18.13413 90.08212
7.595965 18.20179 90.08212
8.246444 18.26945 90.08212
8.896926 18.33712 90.08212
9.547403 18.40478 90.08212
10.19788 18.47245 90.08212
10.85007 18.51934 90.08212
11.50287 18.55869 90.08212
12.15567 18.59805 90.08212
12.80848 18.6374 90.08212
13.46128 18.67675 90.08212
14.11409 18.7161 90.08212
14.76689 18.75545 90.08212
15.4202 18.78471 90.08212
16.07367 18.81098 90.08212
16.72713 18.83724 90.08212
17.38059 18.86351 90.08212
18.03405 18.88977 90.08212
18.68751 18.91603 90.08212
19.34097 18.9423 90.08212
19.99352 18.98507 90.08212
20.64585 19.03158 90.08212
21.29818 19.07809 90.08212
21.95052 19.1246 90.08212
22.60275 19.17249 90.08212
23.25497 19.22054 90.08212
23.90719 19.2686 90.08212
24.55914 19.31943 90.08212
25.20825 19.39913 90.08212
25.85737 19.47884 90.08212
26.51036 19.49513 90.08212
Stroke End
-0.8677081 41.04994 90.08213
-0.867707 40.26355 90.08213
-0.8959937 39.47768 90.08213
-0.9256225 38.69185 90.08213
-0.9503528 37.90592 90.08213
-0.9503522 37.11953 90.08213
-0.9503515 36.33313 90.08213
-0.9503508 35.54674 90.08213
-0.9503501 34.76035 90.08213
-0.9389688 33.97406 90.08213
-0.9238319 33.18781 90.08213
-0.908695 32.40156 90.08212
-0.8935581 31.61531 90.08212
-0.8784212 30.82907 90.08212
-0.8677071 30.04278 90.08212
-0.8677078 29.25638 90.08212
-0.8677086 28.46999 90.08212
-0.8677093 27.68359 90.08212
-0.8677101 26.8972 90.08212
-0.8677108 26.11081 90.08212
-0.8677115 25.32441 90.08212
-0.878686 24.53819 90.08212
-0.9036395 23.75219 90.08212
-0.928593 22.96619 90.08212
-0.9535465 22.1802 90.08212
-0.9785001 21.3942 90.08212
-1.003454 20.6082 90.08212
-1.028407 19.8222 90.08212
-1.05937 19.03642 90.08212
-1.091684 18.2507 90.08212
-1.123999 17.46497 90.08212
-1.156314 16.67924 90.08212
-1.188629 15.89351 90.08212
-1.220944 15.10778 90.08212
-1.253259 14.32205 90.08212
-1.289814 13.53657 90.08212
-1.351496 12.7526 90.08212
-1.413178 11.96863 90.08212
-1.47486 11.18466 90.08212
-1.536542 10.40069 90.08212
-1.598224 9.616714 90.08212
-1.659906 8.832741 90.08212
-1.721588 8.048772 90.08212
-1.784034 7.264865 90.08212
-1.852944 6.481494 90.08212
-1.921855 5.698127 90.08212
-1.990765 4.914756 90.08212
-2.059675 4.131389 90.08212
-2.128586 3.348018 90.08212
-2.197496 2.564651 90.08212
-2.266406 1.78128 90.08212
-2.335316 0.997913 90.08212
-2.389346 0.213433 90.08212
-2.437333 -0.5714936 90.08212
-2.48532 -1.35642 90.08212
-2.533308 -2.141351 90.08212
-2.581295 -2.926277 90.08212
-2.629282 -3.711207 90.08212
-2.677269 -4.496134 90.08212
-2.725256 -5.281064 90.08212
-2.770552 -6.06611 90.08212
-2.791783 -6.852219 90.08212
-2.813015 -7.638324 90.08212
-2.834247 -8.424434 90.08212
-2.855478 -9.210539 90.08211
-2.87671 -9.996645 90.08211
-2.897942 -10.78275 90.08211
-2.919173 -11.56886 90.08211
-2.941065 -12.35495 90.08211
-2.964383 -13.141 90.08211
-2.987701 -13.92705 90.08211
-3.011019 -14.71309 90.08211
-3.034337 -15.49914 90.08211
-3.057655 -16.28519 90.08211
-3.080973 -17.07124 90.08211
-3.113175 -17.8568 90.08211
-3.175395 -18.64073 90.08211
-3.237616 -19.42466 90.08211
-3.299837 -20.20859 90.08211
-3.362057 -20.99252 90.08211
-3.424278 -21.77645 90.08211
-3.486498 -22.56038 90.08211
-3.528876 -23.34546 90.08211
-3.557317 -24.13134 90.08211
-3.585759 -24.91722 90.08211
-3.634308 -25.70199 90.08211
-3.692234 -26.48624 90.08211
-3.750161 -27.27051 90.08211
-3.808087 -28.05476 90.08211
-3.866013 -28.83902 90.08211
-3.923939 -29.62327 90.08211
-4.011572 -30.40476 90.08211
-4.09995 -31.18617 90.08211
-4.188329 -31.96758 90.08211
-4.286486 -32.74762 90.08211
-4.416441 -33.52321 90.08211
-4.546395 -34.29879 90.0821
-4.67655 -35.07434 90.0821
-4.81011 -35.8493 90.0821
-4.943671 -36.62427 90.0821
Stroke End
-6.321897 11.54908 90.08212
-6.392712 11.00123 90.08212
-6.51025 10.46188 90.08212
-6.637151 9.924246 90.08212
-6.764053 9.386606 90.08212
-6.890955 8.848968 90.08212
-7.062874 8.324155 90.08212
-7.2384 7.800371 90.08212
-7.413927 7.276587 90.08212
-7.589453 6.752802 90.08212
-7.779604 6.235014 90.08212
-8.022305 5.738772 90.08212
-8.265007 5.24253 90.08212
-8.507709 4.746289 90.08212
-8.75041 4.250048 90.08212
-8.993111 3.753806 90.08212
-9.235812 3.257564 90.08212
-9.505291 2.776781 90.08212
-9.813659 2.318448 90.08212
-10.12203 1.860115 90.08212
-10.43039 1.401782 90.08212
-10.73876 0.9434488 90.08212
-11.04713 0.4851162 90.08212
-11.3555 0.02678282 90.08212
-11.66386 -0.4315504 90.08212
-11.98212 -0.8829818 90.08212
-12.30603 -1.330466 90.08212
-12.62994 -1.777949 90.08212
-12.95385 -2.225433 90.08212
-13.28978 -2.663754 90.08212
-13.63539 -3.094698 90.08212
-13.981 -3.525643 90.08212
-14.32661 -3.956588 90.08212
-14.67222 -4.387532 90.08212
-15.01783 -4.818477 90.08212
-15.36344 -5.249421 90.08212
-15.70905 -5.680366 90.08212
-16.05466 -6.11131 90.08212
-16.406 -6.537379 90.08212
-16.77662 -6.947005 90.08212
-17.14725 -7.35663 90.08212
-17.51789 -7.766256 90.08212
-17.88852 -8.175881 90.08212
-18.25914 -8.585506 90.08212
-18.62977 -8.995131 90.08212
-19.0004 -9.404758 90.08212
-19.37103 -9.814384 90.08212
-19.74166 -10.22401 90.08212
-20.12306 -10.62359 90.08212
-20.50616 -11.02158 90.08212
-20.88925 -11.41957 90.08212
-21.27234 -11.81757 90.08212
-21.65543 -12.21556 90.08212
-22.03853 -12.61356 90.08212
-22.42162 -13.01155 90.08212
-22.80471 -13.40955 90.08212
-23.18781 -13.80754 90.08212
-23.5709 -14.20553 90.08212
-23.95581 -14.60167 90.08212
-24.36214 -14.97591 90.08212
-24.76847 -15.35015 90.08212
-25.17481 -15.72438 90.08212
-25.58114 -16.09862 90.08212
-25.98747 -16.47286 90.08211
-26.3938 -16.84709 90.08211
-26.80014 -17.22133 90.08211
-27.20647 -17.59557 90.08211
-27.6215 -17.95993 90.08211
-28.04406 -18.31575 90.08211
-28.46661 -18.67156 90.08211
-28.88917 -19.02738 90.08211
-29.31172 -19.3832 90.08211
-29.73428 -19.73902 90.08211
-30.15683 -20.09484 90.08211
-30.57938 -20.45066 90.08211
-31.01089 -20.79492 90.08211
-31.46121 -21.11487 90.08211
-31.91153 -21.43482 90.08211
-32.36185 -21.75478 90.08211
-32.81218 -22.07473 90.08211
-33.2625 -22.39468 90.08211
-33.71282 -22.71464 90.08211
-34.16314 -23.03459 90.08211
-34.61779 -23.34831 90.08211
-35.07515 -23.65812 90.08211
-35.53251 -23.96793 90.08211
-35.98987 -24.27773 90.08211
-36.44723 -24.58755 90.08211
-36.90494 -24.89678 90.08211
-37.38844 -25.16396 90.08211
-37.87194 -25.43114 90.08211
-38.35544 -25.69832 90.08211
-38.83894 -25.96551 90.08211
-39.32244 -26.23269 90.08211
-39.81588 -26.48022 90.08211
-40.31765 -26.71129 90.08211
-40.81942 -26.94235 90.08211
-41.32118 -27.17342 90.08211
-41.82686 -27.39564 90.08211
-42.33525 -27.61174 90.08211
Stroke End
-2.768417 11.09241 90.08212
-2.67217 10.47927 90.08212
-2.545296 9.871634 90.08212
-2.401433 9.269241 90.08212
-2.163647 8.695848 90.08212
-1.925861 8.122457 90.08212
-1.688075 7.549063 90.08212
-1.427905 6.986591 90.08212
-1.122346 6.446263 90.08212
-0.7662356 5.937907 90.08212
-0.4089891 5.430269 90.08212
-0.05174261 4.922632 90.08212
0.3311769 4.434442 90.08212
0.7231392 3.953104 90.08212
1.127105 3.481843 90.08212
1.533323 3.012474 90.08212
1.939542 2.543104 90.08212
2.345761 2.073734 90.08212
2.755737 1.607691 90.08212
3.172212 1.147398 90.08212
3.588687 0.687105 90.08212
4.005162 0.2268115 90.08212
4.421637 -0.2334812 90.08212
4.841141 -0.6909885 90.08212
5.265081 -1.144416 90.08212
5.68902 -1.597843 90.08212
6.112959 -2.05127 90.08212
6.536899 -2.504698 90.08212
6.960839 -2.958126 90.08212
7.395463 -3.400871 90.08212
7.84884 -3.824862 90.08212
8.302219 -4.248854 90.08212
8.755598 -4.672846 90.08212
9.208976 -5.096839 90.08212
9.662355 -5.520831 90.08212
10.11573 -5.944822 90.08212
10.56485 -6.373193 90.08212
11.00149 -6.814406 90.08212
11.43813 -7.255619 90.08212
11.87477 -7.696831 90.08212
12.3114 -8.138044 90.08211
12.74804 -8.579257 90.08211
13.18468 -9.020471 90.08211
13.64819 -9.432234 90.08211
14.12747 -9.826703 90.08211
14.60676 -10.22117 90.08211
15.08604 -10.61564 90.08211
15.56533 -11.01011 90.08211
16.04461 -11.40458 90.08211
16.5239 -11.79905 90.08211
17.00319 -12.19352 90.08211
17.48099 -12.58978 90.08211
17.95745 -12.98765 90.08211
18.43392 -13.38552 90.08211
18.91039 -13.78339 90.08211
19.38685 -14.18126 90.08211
19.86332 -14.57913 90.08211
20.33978 -14.97701 90.08211
20.81625 -15.37488 90.08211
21.3095 -15.75136 90.08211
21.80924 -16.11957 90.08211
22.30898 -16.48778 90.08211
22.80872 -16.856 90.08211
23.30846 -17.22421 90.08211
23.8082 -17.59242 90.08211
24.30794 -17.96064 90.08211
24.80768 -18.32885 90.08211
25.31235 -18.69026 90.08211
25.81837 -19.04978 90.08211
26.32439 -19.40931 90.08211
26.83042 -19.76883 90.08211
27.33645 -20.12836 90.08211
27.84247 -20.48789 90.08211
28.3485 -20.84741 90.08211
28.85563 -21.20537 90.08211
29.36286 -21.5632 90.08211
29.87009 -21.92103 90.08211
30.37732 -22.27886 90.08211
30.88454 -22.63668 90.08211
31.39177 -22.99451 90.08211
31.899 -23.35234 90.08211
32.41424 -23.69765 90.08211
32.95146 -24.00865 90.08211
33.48867 -24.31965 90.0821
34.02679 -24.62893 90.0821
34.58842 -24.89331 90.0821
35.15004 -25.15769 90.0821
35.71167 -25.42207 90.0821
36.27329 -25.68645 90.0821
36.83492 -25.95083 90.0821
37.39655 -26.21522 90.0821
37.95817 -26.4796 90.0821
38.52279 -26.73619 90.0821
39.11712 -26.91533 90.0821
39.71145 -27.09447 90.0821
40.30621 -27.27192 90.0821
40.91381 -27.39897 90.0821
41.52141 -27.52602 90.0821
42.12902 -27.65307 90.0821
42.73662 -27.78012 90.0821
Stroke End
