3
-10.58476 3.501855 -1.060874E-06
-10.35362 3.501857 -1.060875E-06
-10.12248 3.501858 -1.060875E-06
-9.925338 3.583932 -1.085739E-06
-9.74784 3.72787 -1.129344E-06
-9.541101 3.83124 -1.16066E-06
-9.323069 3.886761 -1.17748E-06
-9.091928 3.88676 -1.17748E-06
-8.860787 3.88676 -1.177479E-06
-8.641094 3.957298 -1.198849E-06
-8.421814 4.030389 -1.220991E-06
-8.198595 4.079206 -1.23578E-06
-7.967455 4.079206 -1.23578E-06
-7.736315 4.079206 -1.23578E-06
-7.505175 4.079206 -1.23578E-06
-7.274034 4.079206 -1.23578E-06
-7.042893 4.079206 -1.23578E-06
-6.811753 4.079206 -1.23578E-06
-6.580613 4.079206 -1.23578E-06
-6.349473 4.079205 -1.23578E-06
-6.118332 4.079206 -1.23578E-06
-5.887192 4.079206 -1.23578E-06
-5.656052 4.079206 -1.23578E-06
-5.424911 4.079206 -1.23578E-06
-5.193771 4.079206 -1.23578E-06
-4.96263 4.079206 -1.23578E-06
-4.73149 4.079206 -1.23578E-06
-4.50035 4.079206 -1.23578E-06
-4.269209 4.079206 -1.23578E-06
-4.038069 4.079206 -1.23578E-06
-3.806929 4.079206 -1.23578E-06
-3.575788 4.079206 -1.23578E-06
-3.344648 4.079206 -1.23578E-06
-3.113508 4.079206 -1.23578E-06
-2.882367 4.079206 -1.23578E-06
-2.651227 4.079206 -1.23578E-06
-2.420087 4.079206 -1.23578E-06
-2.188946 4.079206 -1.23578E-06
-1.957806 4.079206 -1.23578E-06
-1.726666 4.079206 -1.23578E-06
-1.495525 4.079206 -1.23578E-06
-1.264385 4.079206 -1.23578E-06
-1.033244 4.079206 -1.23578E-06
-0.8021044 4.079206 -1.23578E-06
-0.5709643 4.079206 -1.23578E-06
-0.3398232 4.079206 -1.23578E-06
-0.1086831 4.079206 -1.23578E-06
0.122457 4.079206 -1.23578E-06
0.3535972 4.079206 -1.23578E-06
0.5847372 4.079206 -1.23578E-06
0.8158783 4.079206 -1.23578E-06
1.047018 4.079206 -1.23578E-06
1.278159 4.079206 -1.23578E-06
1.509299 4.079206 -1.23578E-06
1.74044 4.079206 -1.23578E-06
1.97158 4.079206 -1.23578E-06
2.20272 4.079206 -1.23578E-06
2.43386 4.079206 -1.23578E-06
2.665001 4.079206 -1.23578E-06
2.896141 4.079206 -1.23578E-06
3.127281 4.079206 -1.23578E-06
3.358421 4.079206 -1.23578E-06
3.589562 4.079206 -1.23578E-06
3.820703 4.079206 -1.23578E-06
4.050602 4.056808 -1.228995E-06
4.280328 4.031283 -1.221262E-06
4.510055 4.005758 -1.21353E-06
4.739782 3.980234 -1.205797E-06
4.969509 3.954709 -1.198064E-06
5.199235 3.929185 -1.190332E-06
5.428961 3.90366 -1.182599E-06
5.659165 3.886761 -1.17748E-06
5.890306 3.886761 -1.17748E-06
6.121448 3.886761 -1.17748E-06
6.352588 3.88676 -1.17748E-06
6.583729 3.88676 -1.177479E-06
6.814869 3.88676 -1.177479E-06
7.046009 3.88676 -1.177479E-06
7.277149 3.88676 -1.177479E-06
7.508289 3.88676 -1.177479E-06
7.739429 3.88676 -1.177479E-06
7.97057 3.88676 -1.177479E-06
8.201712 3.88676 -1.17748E-06
8.432852 3.88676 -1.17748E-06
8.663992 3.88676 -1.177479E-06
8.895132 3.886759 -1.177479E-06
9.126272 3.886759 -1.177479E-06
9.357413 3.886759 -1.177479E-06
9.588553 3.886759 -1.177479E-06
9.819695 3.88676 -1.177479E-06
10.05084 3.88676 -1.17748E-06
10.28198 3.88676 -1.17748E-06
10.51312 3.886761 -1.17748E-06
10.74426 3.886761 -1.17748E-06
10.9754 3.886761 -1.17748E-06
11.20654 3.886761 -1.17748E-06
11.4289 3.92393 -1.18874E-06
11.63564 4.027298 -1.220055E-06
11.85453 4.079206 -1.23578E-06
12.08567 4.079206 -1.23578E-06
Stroke End
1.154703 15.04887 -4.558999E-06
1.154702 14.80523 -4.485189E-06
1.154701 14.56159 -4.411379E-06
1.154701 14.31795 -4.337569E-06
1.154701 14.07431 -4.263759E-06
1.154702 13.83067 -4.189948E-06
1.154702 13.58702 -4.116138E-06
1.154702 13.34338 -4.042328E-06
1.154702 13.09974 -3.968518E-06
1.154702 12.8561 -3.894708E-06
1.154701 12.61246 -3.820898E-06
1.154701 12.36882 -3.747088E-06
1.164847 12.1266 -3.673708E-06
1.231781 11.89233 -3.602738E-06
1.298714 11.65807 -3.531768E-06
1.365648 11.4238 -3.460798E-06
1.432581 11.18953 -3.389827E-06
1.499515 10.95527 -3.318857E-06
1.539602 10.71724 -3.246748E-06
1.539601 10.4736 -3.172938E-06
1.539601 10.22996 -3.099128E-06
1.539601 9.986319 -3.025318E-06
1.5396 9.742678 -2.951508E-06
1.562402 9.500657 -2.878189E-06
1.596858 9.259465 -2.80512E-06
1.631314 9.018273 -2.732052E-06
1.665771 8.777081 -2.658984E-06
1.700227 8.535889 -2.585916E-06
1.73511 8.294763 -2.512867E-06
1.775165 8.054437 -2.440062E-06
1.815219 7.814111 -2.367256E-06
1.855273 7.573785 -2.29445E-06
1.895327 7.333459 -2.221644E-06
1.935382 7.093133 -2.148838E-06
1.975436 6.852807 -2.076032E-06
2.015491 6.612481 -2.003226E-06
2.055545 6.372155 -1.930421E-06
2.095599 6.131829 -1.857615E-06
2.135654 5.891503 -1.784809E-06
2.175709 5.651177 -1.712003E-06
2.215763 5.410852 -1.639197E-06
2.255818 5.170526 -1.566392E-06
2.295873 4.9302 -1.493586E-06
2.309404 4.687679 -1.420115E-06
2.309404 4.444038 -1.346305E-06
2.309404 4.200397 -1.272495E-06
2.309404 3.956757 -1.198685E-06
2.309403 3.713116 -1.124875E-06
2.309403 3.469475 -1.051065E-06
2.309403 3.225834 -9.772544E-07
2.309403 2.982193 -9.034443E-07
2.309403 2.738553 -8.296342E-07
2.309403 2.494912 -7.558241E-07
2.309403 2.251271 -6.82014E-07
2.309403 2.00763 -6.082039E-07
2.309402 1.763989 -5.343938E-07
2.309402 1.520348 -4.605837E-07
2.309403 1.276707 -3.867736E-07
2.309403 1.033066 -3.129635E-07
2.309403 0.7894253 -2.391534E-07
2.309403 0.5457844 -1.653433E-07
2.309404 0.3021435 -9.153324E-08
2.309404 0.05850249 -1.772311E-08
2.309404 -0.1851385 5.608702E-08
2.309404 -0.4287795 1.298972E-07
2.309404 -0.6724206 2.037073E-07
2.309404 -0.9160615 2.775174E-07
2.309404 -1.159702 3.513275E-07
2.309404 -1.403343 4.251376E-07
2.309403 -1.646984 4.989477E-07
2.309403 -1.890625 5.727578E-07
2.309403 -2.134266 6.465679E-07
2.309403 -2.377907 7.203779E-07
2.309403 -2.621547 7.94188E-07
2.309403 -2.865188 8.679981E-07
2.309403 -3.108829 9.418082E-07
2.309403 -3.35247 1.015618E-06
2.309403 -3.596111 1.089428E-06
2.309403 -3.839752 1.163238E-06
2.309403 -4.083393 1.237049E-06
2.309403 -4.327034 1.310859E-06
2.309403 -4.570674 1.384669E-06
2.309403 -4.814315 1.458479E-06
2.309403 -5.057956 1.532289E-06
2.309403 -5.301597 1.606099E-06
2.309403 -5.545238 1.679909E-06
2.309403 -5.788879 1.753719E-06
2.309403 -6.03252 1.827529E-06
2.309404 -6.276161 1.901339E-06
2.309404 -6.519802 1.97515E-06
2.309404 -6.763443 2.04896E-06
2.309404 -7.007084 2.12277E-06
2.309403 -7.250726 2.19658E-06
2.309404 -7.494367 2.27039E-06
2.309404 -7.738008 2.344201E-06
2.309403 -7.981649 2.418011E-06
2.309403 -8.22529 2.491821E-06
2.309404 -8.468931 2.565631E-06
2.309403 -8.712571 2.639441E-06
2.309404 -8.956213 2.713251E-06
Stroke End
-23.47893 -9.969656 3.02027E-06
-22.99383 -9.969658 3.020271E-06
-22.50874 -9.969657 3.02027E-06
-22.02364 -9.969656 3.02027E-06
-21.53855 -9.969656 3.02027E-06
-21.05345 -9.969657 3.02027E-06
-20.56836 -9.969658 3.020271E-06
-20.08326 -9.969659 3.020271E-06
-19.59817 -9.96966 3.020271E-06
-19.11307 -9.96966 3.020271E-06
-18.62798 -9.969659 3.020271E-06
-18.14288 -9.969659 3.020271E-06
-17.65779 -9.969658 3.020271E-06
-17.17269 -9.969658 3.02027E-06
-16.6876 -9.969657 3.02027E-06
-16.2025 -9.969657 3.02027E-06
-15.71741 -9.969657 3.02027E-06
-15.23231 -9.969657 3.02027E-06
-14.74722 -9.969657 3.02027E-06
-14.26212 -9.969658 3.02027E-06
-13.77703 -9.969658 3.020271E-06
-13.29193 -9.969658 3.020271E-06
-12.80683 -9.969658 3.020271E-06
-12.32174 -9.969658 3.020271E-06
-11.83664 -9.969658 3.020271E-06
-11.35155 -9.969658 3.020271E-06
-10.86645 -9.969658 3.020271E-06
-10.38136 -9.969658 3.020271E-06
-9.896263 -9.969658 3.020271E-06
-9.411168 -9.969658 3.020271E-06
-8.926073 -9.969658 3.020271E-06
-8.440978 -9.969658 3.020271E-06
-7.955883 -9.969658 3.020271E-06
-7.470787 -9.969658 3.020271E-06
-6.985693 -9.969658 3.020271E-06
-6.500597 -9.969658 3.02027E-06
-6.015503 -9.969657 3.02027E-06
-5.530406 -9.969657 3.02027E-06
-5.045313 -9.969657 3.02027E-06
-4.560216 -9.969656 3.02027E-06
-4.075122 -9.969656 3.02027E-06
-3.590026 -9.969656 3.02027E-06
-3.10493 -9.969656 3.02027E-06
-2.619836 -9.969656 3.02027E-06
-2.13474 -9.969656 3.02027E-06
-1.649646 -9.969657 3.02027E-06
-1.16455 -9.969657 3.02027E-06
-0.6794561 -9.969657 3.02027E-06
-0.1946889 -9.980845 3.02366E-06
0.2895701 -10.00933 3.032289E-06
0.7738271 -10.03782 3.040919E-06
1.258086 -10.0663 3.049549E-06
1.742343 -10.09479 3.058178E-06
2.226602 -10.12327 3.066808E-06
2.710859 -10.15176 3.075438E-06
3.195651 -10.16211 3.078572E-06
3.680747 -10.16211 3.078572E-06
4.165841 -10.16211 3.078572E-06
4.650938 -10.16211 3.078572E-06
5.136032 -10.16211 3.078572E-06
5.621128 -10.16211 3.078572E-06
6.106221 -10.16211 3.078572E-06
6.591317 -10.16211 3.078572E-06
7.076411 -10.16211 3.078572E-06
7.561507 -10.16211 3.078572E-06
8.046603 -10.16211 3.078572E-06
8.531699 -10.16211 3.078572E-06
9.016791 -10.16211 3.078572E-06
9.501887 -10.1621 3.078572E-06
9.986603 -10.17355 3.082038E-06
10.47062 -10.20582 3.091814E-06
10.95464 -10.23808 3.101589E-06
11.43866 -10.27035 3.111365E-06
11.92269 -10.30262 3.12114E-06
12.40671 -10.33489 3.130916E-06
12.89115 -10.35456 3.136874E-06
13.37624 -10.35456 3.136875E-06
13.86134 -10.35456 3.136875E-06
14.34643 -10.35456 3.136875E-06
14.83153 -10.35456 3.136875E-06
15.31662 -10.35456 3.136875E-06
15.80172 -10.35456 3.136875E-06
16.28681 -10.35456 3.136875E-06
16.77191 -10.35456 3.136875E-06
17.25701 -10.35456 3.136875E-06
17.7421 -10.35456 3.136875E-06
18.2272 -10.35456 3.136875E-06
18.71229 -10.35456 3.136875E-06
19.19739 -10.35456 3.136875E-06
19.68248 -10.35456 3.136875E-06
20.16758 -10.35456 3.136875E-06
20.65267 -10.35456 3.136874E-06
21.13777 -10.35456 3.136875E-06
21.62286 -10.35456 3.136875E-06
22.10796 -10.35456 3.136875E-06
22.59305 -10.35456 3.136875E-06
23.07815 -10.35456 3.136875E-06
23.56324 -10.35456 3.136874E-06
24.04834 -10.35456 3.136875E-06
24.53343 -10.35456 3.136875E-06
Stroke End
