4
-16.93562 13.89417 -4.209187E-06
-16.93562 13.72966 -4.15935E-06
-16.93562 13.56516 -4.109514E-06
-16.93562 13.40065 -4.059677E-06
-16.93562 13.23615 -4.00984E-06
-16.93562 13.07164 -3.960004E-06
-16.93562 12.90713 -3.910167E-06
-16.93562 12.74263 -3.860331E-06
-16.84612 12.60522 -3.818703E-06
-16.75487 12.46834 -3.777236E-06
-16.66362 12.33146 -3.73577E-06
-16.57236 12.19458 -3.694303E-06
-16.52028 12.04038 -3.647587E-06
-16.48038 11.88078 -3.599238E-06
-16.44049 11.72119 -3.55089E-06
-16.40059 11.56159 -3.502541E-06
-16.36069 11.402 -3.454193E-06
-16.26555 11.2687 -3.413809E-06
-16.16684 11.13709 -3.37394E-06
-16.06814 11.00548 -3.33407E-06
-15.96944 10.87388 -3.294201E-06
-15.87073 10.74227 -3.254332E-06
-15.77203 10.61067 -3.214463E-06
-15.67332 10.47906 -3.174593E-06
-15.57462 10.34746 -3.134724E-06
-15.47592 10.21585 -3.094854E-06
-15.37721 10.08425 -3.054985E-06
-15.27851 9.952641 -3.015115E-06
-15.1816 9.819767 -2.974862E-06
-15.09035 9.682889 -2.933395E-06
-14.9991 9.546011 -2.891928E-06
-14.90785 9.409134 -2.850462E-06
-14.81659 9.272256 -2.808995E-06
-14.72534 9.135379 -2.767529E-06
-14.63409 8.998501 -2.726062E-06
-14.54284 8.861623 -2.684596E-06
-14.45159 8.724746 -2.643129E-06
-14.35107 8.594643 -2.603715E-06
-14.2483 8.466186 -2.564799E-06
-14.14554 8.337728 -2.525883E-06
-14.04277 8.20927 -2.486967E-06
-13.94 8.080812 -2.448052E-06
-13.83724 7.952353 -2.409136E-06
-13.73447 7.823895 -2.37022E-06
-13.62475 7.702156 -2.333339E-06
-13.49985 7.595096 -2.300906E-06
-13.37495 7.488036 -2.268473E-06
-13.25005 7.380977 -2.236039E-06
-13.12514 7.273917 -2.203606E-06
-13.00024 7.166858 -2.171173E-06
-12.87534 7.059798 -2.138739E-06
-12.75044 6.952739 -2.106306E-06
-12.62553 6.845679 -2.073873E-06
-12.50063 6.73862 -2.04144E-06
-12.37573 6.63156 -2.009006E-06
-12.25536 6.519606 -1.97509E-06
-12.13903 6.403283 -1.939851E-06
-12.02271 6.286958 -1.904611E-06
-11.90418 6.173051 -1.870103E-06
-11.7778 6.067736 -1.838198E-06
-11.65143 5.962421 -1.806293E-06
-11.52505 5.857107 -1.774389E-06
-11.39867 5.751792 -1.742484E-06
-11.27229 5.646478 -1.710579E-06
-11.14592 5.541163 -1.678675E-06
-11.01954 5.435849 -1.64677E-06
-10.89316 5.330534 -1.614866E-06
-10.76592 5.22638 -1.583312E-06
-10.62904 5.135129 -1.555668E-06
-10.49216 5.043878 -1.528024E-06
-10.35528 4.952626 -1.50038E-06
-10.21841 4.861375 -1.472735E-06
-10.0993 4.748448 -1.438524E-06
-9.982974 4.632124 -1.403285E-06
-9.86665 4.5158 -1.368045E-06
-9.750326 4.399477 -1.332805E-06
-9.634003 4.283153 -1.297565E-06
-9.517679 4.166829 -1.262325E-06
-9.401356 4.050506 -1.227086E-06
-9.285031 3.934182 -1.191846E-06
-9.158318 3.830123 -1.160321E-06
-9.024453 3.734506 -1.131354E-06
-8.890589 3.638888 -1.102388E-06
-8.756725 3.543271 -1.073421E-06
-8.62286 3.447653 -1.044453E-06
-8.488997 3.352036 -1.015487E-06
-8.355131 3.256418 -9.865196E-07
-8.221267 3.1608 -9.575525E-07
-8.087402 3.065183 -9.285857E-07
-7.953538 2.969565 -8.996186E-07
-7.820869 2.872316 -8.701573E-07
-7.689264 2.773611 -8.402552E-07
-7.557659 2.674907 -8.10353E-07
-7.426054 2.576203 -7.80451E-07
-7.294449 2.477498 -7.505488E-07
-7.162844 2.378794 -7.206469E-07
-7.008884 2.347155 -7.110617E-07
-6.844377 2.347154 -7.110615E-07
-6.679871 2.347154 -7.110614E-07
-6.515364 2.347154 -7.110614E-07
Stroke End
17.32052 15.62622 -4.733904E-06
17.49462 15.62622 -4.733905E-06
17.40284 15.51609 -4.700542E-06
17.27974 15.39299 -4.663248E-06
17.15663 15.26988 -4.625953E-06
17.0572 15.12794 -4.582952E-06
16.96493 14.9803 -4.538226E-06
16.87266 14.83267 -4.493501E-06
16.78039 14.68503 -4.448776E-06
16.68811 14.5374 -4.40405E-06
16.59584 14.38976 -4.359325E-06
16.50357 14.24213 -4.314599E-06
16.4113 14.09449 -4.269873E-06
16.31903 13.94686 -4.225148E-06
16.22675 13.79922 -4.180422E-06
16.1371 13.65004 -4.135228E-06
16.05256 13.49785 -4.089123E-06
15.96801 13.34566 -4.043018E-06
15.88346 13.19347 -3.996912E-06
15.79891 13.04128 -3.950807E-06
15.71436 12.88909 -3.904702E-06
15.62981 12.7369 -3.858597E-06
15.54526 12.58471 -3.812491E-06
15.46071 12.43252 -3.766386E-06
15.37616 12.28033 -3.720281E-06
15.29161 12.12814 -3.674176E-06
15.20706 11.97595 -3.62807E-06
15.08555 11.85164 -3.590412E-06
14.96244 11.72854 -3.553117E-06
14.83934 11.60543 -3.515823E-06
14.71623 11.48233 -3.478528E-06
14.59312 11.35922 -3.441234E-06
14.47002 11.23612 -3.403939E-06
14.34691 11.11301 -3.366645E-06
14.2238 10.9899 -3.32935E-06
14.1007 10.8668 -3.292056E-06
13.97759 10.74369 -3.254762E-06
13.85464 10.62044 -3.217424E-06
13.74133 10.48826 -3.177379E-06
13.62803 10.35607 -3.137334E-06
13.51473 10.22389 -3.097289E-06
13.40143 10.0917 -3.057243E-06
13.28813 9.959516 -3.017198E-06
13.17483 9.827331 -2.977153E-06
13.06152 9.695145 -2.937108E-06
12.94822 9.562959 -2.897063E-06
12.83492 9.430774 -2.857018E-06
12.72162 9.298588 -2.816972E-06
12.62211 9.155956 -2.773763E-06
12.52554 9.011097 -2.729878E-06
12.42896 8.86624 -2.685994E-06
12.33239 8.72138 -2.64211E-06
12.23582 8.576522 -2.598225E-06
12.13925 8.431663 -2.554341E-06
12.04267 8.286804 -2.510456E-06
11.9461 8.141945 -2.466572E-06
11.81782 8.025582 -2.43132E-06
11.68407 7.914127 -2.397555E-06
11.55032 7.802672 -2.36379E-06
11.41658 7.691217 -2.330025E-06
11.28283 7.579762 -2.296261E-06
11.14909 7.468307 -2.262495E-06
11.01534 7.356852 -2.228731E-06
10.88159 7.245396 -2.194966E-06
10.74845 7.133241 -2.160989E-06
10.61742 7.018596 -2.126257E-06
10.4864 6.903951 -2.091526E-06
10.35538 6.789307 -2.056795E-06
10.22436 6.674662 -2.022064E-06
10.09333 6.560017 -1.987333E-06
9.962312 6.445372 -1.952601E-06
9.831289 6.330728 -1.91787E-06
9.700267 6.216083 -1.883139E-06
9.569245 6.101438 -1.848408E-06
9.438223 5.986793 -1.813677E-06
9.3072 5.872149 -1.778945E-06
9.17989 5.753536 -1.743012E-06
9.056783 5.630431 -1.705718E-06
8.933676 5.507325 -1.668423E-06
8.805034 5.390602 -1.633063E-06
8.665754 5.286143 -1.601417E-06
8.526475 5.181685 -1.569772E-06
8.387196 5.077226 -1.538127E-06
8.247917 4.972768 -1.506481E-06
8.108637 4.868309 -1.474836E-06
7.982544 4.748647 -1.438585E-06
7.859438 4.62554 -1.40129E-06
7.736332 4.502434 -1.363996E-06
7.613226 4.379327 -1.326701E-06
7.490121 4.256221 -1.289406E-06
7.367014 4.133115 -1.252112E-06
7.243907 4.01001 -1.214818E-06
7.120801 3.886905 -1.177523E-06
6.946763 3.886761 -1.17748E-06
6.789085 3.817199 -1.156406E-06
6.633366 3.739339 -1.132819E-06
6.469899 3.694309 -1.119177E-06
6.2958 3.694308 -1.119177E-06
6.121701 3.694307 -1.119177E-06
5.965956 3.675955 -1.113617E-06
Stroke End
2.235174E-06 22.36198 -6.774479E-06
-0.04703357 21.84029 -6.616435E-06
-0.1212842 21.32054 -6.458978E-06
-0.1988646 20.80153 -6.301746E-06
-0.3532689 20.29972 -6.149723E-06
-0.5076733 19.7979 -5.9977E-06
-0.6620776 19.29609 -5.845678E-06
-0.8164819 18.79427 -5.693655E-06
-0.9693726 18.29204 -5.541504E-06
-1.096711 17.78268 -5.387197E-06
-1.22405 17.27333 -5.23289E-06
-1.351388 16.76397 -5.078582E-06
-1.478727 16.25462 -4.924275E-06
-1.590104 15.74177 -4.768911E-06
-1.686861 15.22573 -4.612579E-06
-1.783618 14.70969 -4.456247E-06
-1.880376 14.19366 -4.299915E-06
-1.977133 13.67762 -4.143583E-06
-2.07389 13.16158 -3.987251E-06
-2.178002 12.64702 -3.831366E-06
-2.288012 12.13364 -3.675841E-06
-2.398021 11.62026 -3.520315E-06
-2.508031 11.10689 -3.36479E-06
-2.61804 10.59351 -3.209264E-06
-2.736681 10.08223 -3.054374E-06
-2.874825 9.575701 -2.900923E-06
-3.01297 9.069169 -2.747471E-06
-3.151114 8.562638 -2.594019E-06
-3.287882 8.055747 -2.440459E-06
-3.415221 7.546391 -2.286151E-06
-3.54256 7.037036 -2.131844E-06
-3.669899 6.527681 -1.977537E-06
-3.797238 6.018325 -1.823229E-06
-3.896384 5.503289 -1.667201E-06
-3.976219 4.984364 -1.509994E-06
-4.056054 4.465437 -1.352788E-06
-4.135889 3.94651 -1.195581E-06
-4.215724 3.427585 -1.038374E-06
-4.325078 2.914327 -8.828845E-07
-4.443136 2.40274 -7.279012E-07
-4.561194 1.891154 -5.729179E-07
-4.679252 1.379569 -4.179352E-07
-4.797311 0.8679821 -2.629519E-07
-4.902061 0.3535298 -1.071005E-07
-5.005027 -0.1613046 4.886663E-08
-5.107995 -0.6761407 2.048343E-07
-5.210962 -1.190977 3.60802E-07
-5.313929 -1.705811 5.167692E-07
-5.416896 -2.220648 6.727369E-07
-5.519863 -2.735484 8.287046E-07
-5.648415 -3.243524 9.826134E-07
-5.814444 -3.741613 1.133508E-06
-5.980474 -4.239702 1.284402E-06
-6.146503 -4.737789 1.435296E-06
-6.312533 -5.235878 1.58619E-06
-6.509938 -5.722039 1.73347E-06
-6.716757 -6.204618 1.879666E-06
-6.923577 -6.687198 2.025862E-06
-7.130397 -7.169778 2.172058E-06
-7.337217 -7.652359 2.318254E-06
-7.530727 -8.139538 2.465842E-06
-7.666008 -8.646839 2.619528E-06
-7.801289 -9.154143 2.773214E-06
-7.93657 -9.661448 2.926899E-06
-8.071852 -10.16875 3.080585E-06
-8.207132 -10.67605 3.234271E-06
-8.362888 -11.17698 3.386026E-06
-8.539475 -11.67143 3.535816E-06
-8.716062 -12.16587 3.685605E-06
-8.89265 -12.66032 3.835395E-06
-9.069237 -13.15476 3.985185E-06
-9.250175 -13.64715 4.134352E-06
-9.520301 -14.09736 4.270742E-06
-9.790428 -14.54757 4.407132E-06
-10.06055 -14.99778 4.543521E-06
-10.33068 -15.44799 4.679911E-06
-10.60081 -15.8982 4.816301E-06
-10.87093 -16.34842 4.952691E-06
-11.14851 -16.79402 5.087685E-06
-11.43039 -17.23697 5.221875E-06
-11.71227 -17.67992 5.356065E-06
-11.99414 -18.12286 5.490253E-06
-12.27602 -18.56581 5.624443E-06
-12.59733 -18.98056 5.750091E-06
-12.92532 -19.39054 5.874293E-06
-13.2533 -19.80053 5.998495E-06
-13.58129 -20.21051 6.122697E-06
-13.91263 -20.61765 6.246041E-06
-14.26144 -21.01007 6.364921E-06
-14.61025 -21.40248 6.483802E-06
-14.95906 -21.7949 6.602682E-06
-15.30787 -22.18731 6.721562E-06
-15.7099 -22.52189 6.822921E-06
-16.12993 -22.8369 6.918355E-06
-16.54995 -23.15192 7.013789E-06
-16.96599 -23.47154 7.110616E-06
-17.33724 -23.8428 7.223086E-06
-17.7697 -24.12122 7.307434E-06
-18.25719 -24.31621 7.366506E-06
-18.73479 -24.53321 7.432243E-06
Stroke End
-4.041454 0.2302063 -6.974012E-08
-3.836857 -0.07669128 2.323334E-08
-3.629664 -0.3817187 1.156402E-07
-3.403216 -0.6728671 2.038426E-07
-3.176767 -0.9640156 2.920449E-07
-2.950319 -1.255164 3.802473E-07
-2.72387 -1.546312 4.684496E-07
-2.497422 -1.837461 5.566519E-07
-2.267529 -2.125726 6.439809E-07
-2.020785 -2.399886 7.270365E-07
-1.77404 -2.674046 8.100923E-07
-1.527296 -2.948206 8.93148E-07
-1.280552 -3.222366 9.762036E-07
-1.033808 -3.496526 1.059259E-06
-0.7870632 -3.770686 1.142315E-06
-0.5401138 -4.04466 1.225315E-06
-0.2920023 -4.317583 1.307996E-06
-0.04389083 -4.590506 1.390677E-06
0.2042207 -4.863429 1.473358E-06
0.4523325 -5.136353 1.556039E-06
0.700444 -5.409276 1.63872E-06
0.9485556 -5.682199 1.721401E-06
1.196667 -5.955122 1.804082E-06
1.453505 -6.219411 1.884147E-06
1.723791 -6.470391 1.960181E-06
1.994079 -6.721372 2.036214E-06
2.264365 -6.972352 2.112248E-06
2.534653 -7.223332 2.188282E-06
2.80494 -7.474313 2.264315E-06
3.075227 -7.725294 2.340349E-06
3.345515 -7.976274 2.416383E-06
3.615801 -8.227255 2.492416E-06
3.886089 -8.478235 2.56845E-06
4.157497 -8.727996 2.644114E-06
4.430419 -8.976108 2.719278E-06
4.703342 -9.22422 2.794443E-06
4.976264 -9.472332 2.869608E-06
5.249187 -9.720445 2.944772E-06
5.52211 -9.968556 3.019937E-06
5.795033 -10.21667 3.095101E-06
6.067955 -10.46478 3.170266E-06
6.332781 -10.72138 3.248003E-06
6.593594 -10.9822 3.327015E-06
6.854406 -11.24301 3.406027E-06
7.115219 -11.50382 3.48504E-06
7.376031 -11.76463 3.564052E-06
7.636844 -12.02545 3.643064E-06
7.897656 -12.28626 3.722076E-06
8.158469 -12.54707 3.801088E-06
8.419282 -12.80788 3.8801E-06
8.680095 -13.0687 3.959112E-06
8.940907 -13.32951 4.038125E-06
9.216519 -13.57396 4.112182E-06
9.50199 -13.80753 4.18294E-06
9.78746 -14.0411 4.253698E-06
10.07293 -14.27466 4.324456E-06
10.3584 -14.50823 4.395214E-06
10.64387 -14.7418 4.465972E-06
10.92934 -14.97536 4.53673E-06
11.21481 -15.20893 4.607488E-06
11.50028 -15.4425 4.678246E-06
11.78575 -15.67606 4.749004E-06
12.07122 -15.90963 4.819762E-06
12.35669 -16.14319 4.89052E-06
12.64216 -16.37676 4.961278E-06
12.92763 -16.61033 5.032036E-06
13.2131 -16.84389 5.102794E-06
13.52061 -17.0465 5.164175E-06
13.83474 -17.23981 5.222738E-06
14.14887 -17.43313 5.281301E-06
14.463 -17.62644 5.339863E-06
14.77713 -17.81975 5.398426E-06
15.09126 -18.01306 5.456989E-06
15.40539 -18.20637 5.515551E-06
15.71951 -18.39968 5.574114E-06
16.00623 -18.63059 5.644067E-06
16.28627 -18.87063 5.716786E-06
16.56632 -19.11067 5.789505E-06
16.84637 -19.35071 5.862225E-06
17.12642 -19.59075 5.934945E-06
17.40401 -19.83362 6.008521E-06
17.6816 -20.07651 6.082102E-06
17.95918 -20.31939 6.155683E-06
18.23676 -20.56228 6.229265E-06
18.51435 -20.80516 6.302846E-06
18.8103 -21.02252 6.368693E-06
19.12889 -21.20837 6.424996E-06
19.44749 -21.39422 6.481298E-06
19.76609 -21.58007 6.537601E-06
20.08469 -21.76592 6.593903E-06
20.40329 -21.95177 6.650206E-06
20.72189 -22.13762 6.706508E-06
21.02899 -22.33839 6.767332E-06
21.2898 -22.5992 6.846344E-06
21.61849 -22.74466 6.890411E-06
21.97314 -22.84599 6.921108E-06
22.32779 -22.94732 6.951805E-06
22.68245 -23.04865 6.982502E-06
22.99294 -23.24548 7.042131E-06
23.30252 -23.44118 7.101417E-06
Stroke End
