8
0.3849017 23.70913 -7.182592E-06
0.1683467 23.48775 -7.115526E-06
-0.02999597 23.24974 -7.043423E-06
-0.2283386 23.01173 -6.971318E-06
-0.4266813 22.77372 -6.899214E-06
-0.625024 22.53571 -6.82711E-06
-0.820004 22.29504 -6.7542E-06
-1.005896 22.04719 -6.679113E-06
-1.191788 21.79933 -6.604026E-06
-1.37768 21.55147 -6.528939E-06
-1.563572 21.30362 -6.453852E-06
-1.749464 21.05576 -6.378764E-06
-1.935356 20.80791 -6.303677E-06
-2.121248 20.56005 -6.22859E-06
-2.30714 20.31219 -6.153503E-06
-2.493032 20.06434 -6.078416E-06
-2.719401 19.85316 -6.01444E-06
-2.947786 19.6438 -5.951017E-06
-3.176171 19.43445 -5.887594E-06
-3.404556 19.2251 -5.824171E-06
-3.632941 19.01574 -5.760749E-06
-3.861326 18.80639 -5.697326E-06
-4.089712 18.59704 -5.633903E-06
-4.318097 18.38768 -5.57048E-06
-4.546482 18.17833 -5.507057E-06
-4.774867 17.96898 -5.443635E-06
-4.995426 17.75145 -5.377736E-06
-5.214501 17.53238 -5.311368E-06
-5.433577 17.3133 -5.244999E-06
-5.652653 17.09422 -5.178631E-06
-5.871729 16.87515 -5.112262E-06
-6.090805 16.65607 -5.045894E-06
-6.30988 16.43699 -4.979526E-06
-6.528956 16.21792 -4.913158E-06
-6.748032 15.99884 -4.84679E-06
-6.967108 15.77977 -4.780421E-06
-7.186184 15.56069 -4.714053E-06
-7.40526 15.34161 -4.647685E-06
-7.624337 15.12254 -4.581317E-06
-7.843413 14.90346 -4.514949E-06
-8.06249 14.68439 -4.448581E-06
-8.281566 14.46531 -4.382212E-06
-8.500642 14.24624 -4.315844E-06
-8.719719 14.02716 -4.249476E-06
-8.951167 13.82257 -4.187495E-06
-9.20173 13.64034 -4.132289E-06
-9.452292 13.45811 -4.077084E-06
-9.702855 13.27588 -4.021879E-06
-9.953417 13.09365 -3.966674E-06
-10.20398 12.91143 -3.911468E-06
-10.45454 12.7292 -3.856263E-06
-10.7051 12.54697 -3.801058E-06
-10.95567 12.36474 -3.745853E-06
-11.20367 12.17906 -3.689599E-06
-11.45153 11.99316 -3.633284E-06
-11.69939 11.80727 -3.576969E-06
-11.94724 11.62138 -3.520654E-06
-12.1951 11.43549 -3.464338E-06
-12.44296 11.2496 -3.408023E-06
-12.69081 11.0637 -3.351708E-06
-12.93867 10.87781 -3.295392E-06
-13.18652 10.69192 -3.239077E-06
-13.43438 10.50603 -3.182762E-06
-13.68224 10.32014 -3.126446E-06
-13.93009 10.13424 -3.070131E-06
-14.18105 9.952633 -3.015113E-06
-14.43487 9.774962 -2.961288E-06
-14.68868 9.597292 -2.907464E-06
-14.9425 9.419621 -2.853639E-06
-15.19631 9.241951 -2.799815E-06
-15.45012 9.064281 -2.74599E-06
-15.70394 8.88661 -2.692165E-06
-15.95775 8.70894 -2.638341E-06
-16.23645 8.574205 -2.597523E-06
-16.51678 8.442285 -2.557559E-06
-16.79712 8.310365 -2.517594E-06
-17.07745 8.178444 -2.477629E-06
-17.35778 8.046524 -2.437664E-06
-17.63811 7.914603 -2.3977E-06
-17.91844 7.782683 -2.357735E-06
-18.19877 7.650763 -2.31777E-06
-18.4791 7.518842 -2.277805E-06
-18.75943 7.386922 -2.23784E-06
-19.03976 7.255002 -2.197876E-06
-19.31923 7.121304 -2.157372E-06
-19.59635 6.982749 -2.115398E-06
-19.87346 6.844193 -2.073423E-06
-20.15057 6.705638 -2.031448E-06
-20.42768 6.567083 -1.989473E-06
-20.70479 6.428526 -1.947498E-06
-20.9819 6.28997 -1.905523E-06
-21.25901 6.151413 -1.863548E-06
-21.53613 6.012857 -1.821572E-06
-21.81324 5.8743 -1.779597E-06
-22.09035 5.735744 -1.737622E-06
-22.36746 5.597188 -1.695647E-06
-22.64457 5.458634 -1.653673E-06
-22.92168 5.320078 -1.611698E-06
-23.17685 5.151082 -1.560501E-06
-23.39593 4.932007 -1.494133E-06
Stroke End
0.9622543 22.93933 -6.949383E-06
1.102781 22.72854 -6.885525E-06
1.243308 22.51775 -6.821667E-06
1.383835 22.30696 -6.757809E-06
1.524362 22.09617 -6.693951E-06
1.664889 21.88538 -6.630094E-06
1.816721 21.68303 -6.568793E-06
1.978903 21.48841 -6.509833E-06
2.141085 21.29379 -6.450874E-06
2.303267 21.09917 -6.391915E-06
2.465449 20.90455 -6.332955E-06
2.627631 20.70993 -6.273995E-06
2.799798 20.52443 -6.217798E-06
2.978935 20.34529 -6.16353E-06
3.158071 20.16615 -6.109261E-06
3.337208 19.98702 -6.054992E-06
3.516345 19.80788 -6.000723E-06
3.695482 19.62874 -5.946454E-06
3.874618 19.44961 -5.892185E-06
4.053755 19.27047 -5.837916E-06
4.232892 19.09133 -5.783647E-06
4.412029 18.9122 -5.729379E-06
4.591166 18.73306 -5.67511E-06
4.770302 18.55392 -5.620841E-06
4.94944 18.37478 -5.566572E-06
5.128577 18.19565 -5.512304E-06
5.307714 18.01651 -5.458035E-06
5.48685 17.83738 -5.403766E-06
5.665987 17.65824 -5.349497E-06
5.845125 17.4791 -5.295229E-06
6.024261 17.29996 -5.24096E-06
6.209865 17.1284 -5.188984E-06
6.414748 16.97939 -5.143843E-06
6.619632 16.83038 -5.098702E-06
6.824515 16.68138 -5.053561E-06
7.029398 16.53237 -5.00842E-06
7.234282 16.38336 -4.963279E-06
7.439164 16.23436 -4.918139E-06
7.644047 16.08535 -4.872998E-06
7.848931 15.93635 -4.827857E-06
8.053814 15.78734 -4.782716E-06
8.258698 15.63833 -4.737575E-06
8.461548 15.48657 -4.6916E-06
8.664218 15.33457 -4.645551E-06
8.866888 15.18257 -4.599503E-06
9.069559 15.03057 -4.553454E-06
9.272229 14.87856 -4.507406E-06
9.474899 14.72656 -4.461357E-06
9.67757 14.57456 -4.415308E-06
9.88024 14.42256 -4.36926E-06
10.08291 14.27055 -4.323211E-06
10.28558 14.11855 -4.277163E-06
10.48825 13.96655 -4.231114E-06
10.70797 13.84488 -4.194256E-06
10.94319 13.7508 -4.165753E-06
11.17841 13.65671 -4.137249E-06
11.41363 13.56262 -4.108746E-06
11.64884 13.46853 -4.080242E-06
11.88406 13.37445 -4.051739E-06
12.11928 13.28036 -4.023235E-06
12.3545 13.18627 -3.994732E-06
12.58356 13.07978 -3.962472E-06
12.8008 12.94944 -3.922985E-06
13.01803 12.8191 -3.883499E-06
13.23527 12.68876 -3.844012E-06
13.45251 12.55842 -3.804525E-06
13.66974 12.42808 -3.765039E-06
13.88698 12.29773 -3.725552E-06
14.10421 12.16739 -3.686066E-06
14.32145 12.03705 -3.646579E-06
14.53699 11.90397 -3.606264E-06
14.75072 11.76796 -3.56506E-06
14.96445 11.63195 -3.523856E-06
15.17818 11.49594 -3.482653E-06
15.39192 11.35993 -3.441449E-06
15.60565 11.22392 -3.400246E-06
15.81938 11.08791 -3.359042E-06
16.03311 10.9519 -3.317838E-06
16.24684 10.81589 -3.276634E-06
16.46058 10.67988 -3.235431E-06
16.68458 10.56302 -3.200029E-06
16.91609 10.46013 -3.168858E-06
17.14759 10.35724 -3.137688E-06
17.37909 10.25435 -3.106517E-06
17.6106 10.15146 -3.075347E-06
17.8421 10.04857 -3.044176E-06
18.0736 9.945678 -3.013006E-06
18.30463 9.841784 -2.981531E-06
18.53122 9.728489 -2.947209E-06
18.75781 9.615193 -2.912887E-06
18.98441 9.501898 -2.878564E-06
19.2297 9.467816 -2.86824E-06
19.48304 9.467816 -2.86824E-06
19.73637 9.467816 -2.86824E-06
19.96161 9.374992 -2.840119E-06
20.1724 9.234466 -2.797547E-06
20.38319 9.093938 -2.754975E-06
20.62121 9.009086 -2.729269E-06
20.86154 8.928973 -2.704999E-06
21.10863 8.890463 -2.693333E-06
Stroke End
-8.082911 5.811257 -1.760499E-06
-7.901659 5.811257 -1.760499E-06
-7.720407 5.811258 -1.760499E-06
-7.539155 5.811258 -1.760499E-06
-7.363585 5.851822 -1.772788E-06
-7.189307 5.901616 -1.787872E-06
-7.015029 5.95141 -1.802957E-06
-6.840752 6.001204 -1.818042E-06
-6.666474 6.050997 -1.833127E-06
-6.492196 6.100791 -1.848212E-06
-6.317918 6.150585 -1.863297E-06
-6.143641 6.200379 -1.878382E-06
-5.969363 6.250173 -1.893467E-06
-5.795085 6.299967 -1.908551E-06
-5.620807 6.349761 -1.923636E-06
-5.44653 6.399555 -1.938721E-06
-5.272252 6.449349 -1.953806E-06
-5.097974 6.499143 -1.968891E-06
-4.923697 6.548936 -1.983976E-06
-4.746944 6.581063 -1.993708E-06
-4.565693 6.581063 -1.993708E-06
-4.384441 6.581063 -1.993708E-06
-4.203189 6.581063 -1.993709E-06
-4.021938 6.581063 -1.993709E-06
-3.840686 6.581064 -1.993709E-06
-3.659434 6.581064 -1.993709E-06
-3.478183 6.581064 -1.993709E-06
-3.296931 6.581064 -1.993709E-06
-3.115679 6.581064 -1.993709E-06
-2.934427 6.581064 -1.993709E-06
-2.753176 6.581064 -1.993709E-06
-2.571924 6.581064 -1.993709E-06
-2.390673 6.581064 -1.993709E-06
-2.209421 6.581064 -1.993709E-06
-2.028169 6.581064 -1.993709E-06
-1.846918 6.581064 -1.993709E-06
-1.665666 6.581063 -1.993709E-06
-1.484414 6.581063 -1.993709E-06
-1.303163 6.581063 -1.993709E-06
-1.121911 6.581063 -1.993709E-06
-0.9406595 6.581063 -1.993709E-06
-0.7594075 6.581063 -1.993709E-06
-0.5781559 6.581063 -1.993709E-06
-0.3969044 6.581063 -1.993709E-06
-0.2156524 6.581063 -1.993709E-06
-0.03440085 6.581063 -1.993709E-06
0.1443354 6.554 -1.98551E-06
0.3224825 6.520598 -1.975391E-06
0.5006305 6.487195 -1.965272E-06
0.6787776 6.453793 -1.955152E-06
0.8569247 6.42039 -1.945033E-06
1.035072 6.386988 -1.934914E-06
1.213219 6.353585 -1.924795E-06
1.391366 6.320183 -1.914676E-06
1.569513 6.28678 -1.904557E-06
1.747661 6.253377 -1.894437E-06
1.925808 6.219975 -1.884318E-06
2.103956 6.186573 -1.874199E-06
2.282102 6.15317 -1.86408E-06
2.46025 6.119768 -1.853961E-06
2.638397 6.086365 -1.843842E-06
2.816545 6.052962 -1.833722E-06
2.994692 6.01956 -1.823603E-06
3.174142 5.995802 -1.816406E-06
3.354767 5.98075 -1.811846E-06
3.535392 5.965697 -1.807286E-06
3.716018 5.950644 -1.802726E-06
3.896643 5.935592 -1.798165E-06
4.077269 5.920539 -1.793605E-06
4.257895 5.905487 -1.789045E-06
4.43852 5.890434 -1.784485E-06
4.619145 5.875381 -1.779925E-06
4.799771 5.860329 -1.775365E-06
4.980396 5.845276 -1.770805E-06
5.161023 5.830224 -1.766245E-06
5.341648 5.815171 -1.761684E-06
5.521916 5.796446 -1.756012E-06
5.702059 5.776431 -1.749948E-06
5.882202 5.756415 -1.743885E-06
6.062346 5.7364 -1.737821E-06
6.242488 5.716385 -1.731757E-06
6.422632 5.696369 -1.725694E-06
6.602776 5.676354 -1.71963E-06
6.782918 5.656339 -1.713567E-06
6.963062 5.636323 -1.707503E-06
7.143035 5.615084 -1.701069E-06
7.32182 5.585286 -1.692042E-06
7.500607 5.555488 -1.683014E-06
7.679392 5.52569 -1.673987E-06
7.858177 5.495893 -1.66496E-06
8.036963 5.466094 -1.655933E-06
8.215748 5.436297 -1.646906E-06
8.396177 5.426361 -1.643896E-06
8.577429 5.426361 -1.643896E-06
8.75868 5.42636 -1.643896E-06
8.935456 5.398777 -1.63554E-06
9.107408 5.34146 -1.618175E-06
9.279358 5.284142 -1.600811E-06
9.452457 5.233908 -1.585593E-06
9.633709 5.233908 -1.585593E-06
Stroke End
-10.00741 -3.618797 1.096301E-06
-9.823917 -3.582099 1.085183E-06
-9.640423 -3.5454 1.074066E-06
-9.456928 -3.508701 1.062948E-06
-9.273434 -3.472003 1.05183E-06
-9.089938 -3.435304 1.040713E-06
-8.903697 -3.426348 1.037999E-06
-8.716568 -3.426348 1.037999E-06
-8.52944 -3.426348 1.037999E-06
-8.342311 -3.426348 1.037999E-06
-8.155183 -3.426348 1.037999E-06
-7.968054 -3.426348 1.037999E-06
-7.780926 -3.426348 1.037999E-06
-7.593797 -3.426348 1.037999E-06
-7.406669 -3.426348 1.037999E-06
-7.21954 -3.426348 1.037999E-06
-7.032412 -3.426348 1.037999E-06
-6.845283 -3.426348 1.037999E-06
-6.658154 -3.426348 1.037999E-06
-6.471026 -3.426348 1.037999E-06
-6.283897 -3.426348 1.037999E-06
-6.096769 -3.426348 1.037999E-06
-5.909641 -3.426348 1.037999E-06
-5.722512 -3.426348 1.037999E-06
-5.535384 -3.426348 1.037999E-06
-5.348306 -3.424333 1.037389E-06
-5.16141 -3.414989 1.034558E-06
-4.974515 -3.405644 1.031727E-06
-4.78762 -3.396299 1.028896E-06
-4.600725 -3.386955 1.026065E-06
-4.41383 -3.37761 1.023234E-06
-4.226935 -3.368265 1.020403E-06
-4.04004 -3.358921 1.017572E-06
-3.853145 -3.349576 1.014742E-06
-3.66625 -3.340231 1.011911E-06
-3.479355 -3.330887 1.00908E-06
-3.292459 -3.321542 1.006249E-06
-3.105564 -3.312197 1.003418E-06
-2.918669 -3.302853 1.000587E-06
-2.731774 -3.293508 9.977559E-07
-2.544879 -3.284163 9.94925E-07
-2.357984 -3.274819 9.920941E-07
-2.171089 -3.265474 9.892632E-07
-1.984194 -3.25613 9.864323E-07
-1.797299 -3.246785 9.836014E-07
-1.610404 -3.23744 9.807703E-07
-1.423364 -3.2339 9.796979E-07
-1.236235 -3.2339 9.796979E-07
-1.049107 -3.2339 9.796979E-07
-0.8619778 -3.2339 9.796978E-07
-0.6748497 -3.2339 9.796978E-07
-0.4877207 -3.2339 9.796978E-07
-0.3005926 -3.2339 9.796978E-07
-0.1134635 -3.2339 9.796978E-07
0.07366446 -3.2339 9.796978E-07
0.2607936 -3.233899 9.796978E-07
0.4479217 -3.233899 9.796978E-07
0.6350508 -3.233899 9.796977E-07
0.8221787 -3.233899 9.796977E-07
1.009308 -3.233899 9.796977E-07
1.196181 -3.238508 9.810939E-07
1.382165 -3.259173 9.873542E-07
1.568149 -3.279837 9.936145E-07
1.754133 -3.300502 9.998748E-07
1.940117 -3.321167 1.006135E-06
2.126101 -3.341832 1.012396E-06
2.312085 -3.362496 1.018656E-06
2.498069 -3.383161 1.024916E-06
2.684053 -3.403826 1.031176E-06
2.870037 -3.424491 1.037437E-06
3.056021 -3.445156 1.043697E-06
3.242005 -3.46582 1.049957E-06
3.427989 -3.486485 1.056218E-06
3.613973 -3.50715 1.062478E-06
3.799958 -3.527815 1.068738E-06
3.985941 -3.54848 1.074999E-06
4.171926 -3.569144 1.081259E-06
4.357909 -3.589809 1.087519E-06
4.543894 -3.610474 1.09378E-06
4.730561 -3.618797 1.096301E-06
4.91769 -3.618797 1.096301E-06
5.104818 -3.618798 1.096301E-06
5.291947 -3.618798 1.096301E-06
5.479075 -3.618798 1.096301E-06
5.666204 -3.618798 1.096301E-06
5.853333 -3.618798 1.096301E-06
6.040462 -3.618798 1.096301E-06
6.22759 -3.618798 1.096301E-06
6.414718 -3.618798 1.096301E-06
6.601848 -3.618798 1.096301E-06
6.788976 -3.618798 1.096301E-06
6.976104 -3.618798 1.096301E-06
7.163232 -3.618798 1.096301E-06
7.350362 -3.618798 1.096301E-06
7.537491 -3.618798 1.096301E-06
7.724619 -3.618798 1.096301E-06
7.911747 -3.618797 1.096301E-06
8.098875 -3.618797 1.096301E-06
8.286004 -3.618797 1.096301E-06
8.473132 -3.618797 1.096301E-06
Stroke End
1.1547 5.42636 -1.643895E-06
0.9597929 5.406693 -1.637937E-06
0.9334642 5.196063 -1.574128E-06
0.9071354 4.985433 -1.510318E-06
0.8808067 4.774803 -1.446509E-06
0.8544779 4.564172 -1.382699E-06
0.8281492 4.353542 -1.318889E-06
0.8018205 4.142912 -1.25508E-06
0.7754917 3.932282 -1.19127E-06
0.7698016 3.720367 -1.127071E-06
0.7698014 3.508097 -1.062765E-06
0.7698013 3.295828 -9.984587E-07
0.7698011 3.083559 -9.341526E-07
0.769801 2.871289 -8.698464E-07
0.7698008 2.65902 -8.055401E-07
0.7698007 2.446751 -7.412339E-07
0.7698006 2.234481 -6.769278E-07
0.7698004 2.022212 -6.126215E-07
0.7698003 1.809943 -5.483154E-07
0.7698002 1.597673 -4.840091E-07
0.7698 1.385404 -4.197029E-07
0.7697999 1.173135 -3.553967E-07
0.7697999 0.9608653 -2.910905E-07
0.7697999 0.748596 -2.267844E-07
0.7698 0.5363266 -1.624782E-07
0.7698001 0.3240573 -9.817197E-08
0.7698001 0.1117881 -3.38658E-08
0.7698001 -0.1004817 3.044054E-08
0.7698002 -0.312751 9.474674E-08
0.7698002 -0.5250203 1.590529E-07
0.7698002 -0.7372896 2.233591E-07
0.7698003 -0.9495589 2.876653E-07
0.7698004 -1.161828 3.519715E-07
0.7698004 -1.374098 4.162777E-07
0.7698004 -1.586367 4.805839E-07
0.7698005 -1.798636 5.4489E-07
0.7698005 -2.010905 6.091963E-07
0.7698006 -2.223175 6.735024E-07
0.7698007 -2.435444 7.378088E-07
0.7698007 -2.647713 8.021148E-07
0.7698007 -2.859983 8.664211E-07
0.7698008 -3.072252 9.307271E-07
0.7698008 -3.284522 9.950335E-07
0.7698009 -3.496791 1.05934E-06
0.769801 -3.70906 1.123646E-06
0.769801 -3.92133 1.187952E-06
0.7698011 -4.133598 1.252258E-06
0.7698011 -4.345868 1.316565E-06
0.7698012 -4.558137 1.380871E-06
0.7698013 -4.770407 1.445177E-06
0.7698013 -4.982676 1.509483E-06
0.7698014 -5.194945 1.573789E-06
0.7698013 -5.407214 1.638095E-06
0.7698013 -5.619484 1.702402E-06
0.7698013 -5.831754 1.766708E-06
0.7698013 -6.044023 1.831014E-06
0.7698012 -6.256292 1.89532E-06
0.7698012 -6.468561 1.959626E-06
0.7698011 -6.680831 2.023933E-06
0.7698011 -6.8931 2.088239E-06
0.7698011 -7.10537 2.152545E-06
0.769801 -7.317638 2.216851E-06
0.769801 -7.529908 2.281158E-06
0.769801 -7.742177 2.345464E-06
0.769801 -7.954447 2.40977E-06
0.7698009 -8.166717 2.474076E-06
0.769801 -8.378985 2.538382E-06
0.7698011 -8.591255 2.602689E-06
0.7698013 -8.803524 2.666995E-06
0.7698014 -9.015794 2.731301E-06
0.7698016 -9.228063 2.795607E-06
0.7698017 -9.440332 2.859913E-06
0.7698018 -9.652601 2.924219E-06
0.769802 -9.864871 2.988526E-06
0.7698021 -10.07714 3.052832E-06
0.7698022 -10.28941 3.117138E-06
0.7698023 -10.50168 3.181445E-06
0.7698023 -10.71395 3.245751E-06
0.7698023 -10.92622 3.310057E-06
0.7698023 -11.13849 3.374363E-06
0.7698023 -11.35076 3.438669E-06
0.7698023 -11.56303 3.502975E-06
0.7698023 -11.7753 3.567282E-06
0.7698023 -11.98757 3.631588E-06
0.7698025 -12.19983 3.695894E-06
0.7698027 -12.4121 3.760201E-06
0.7698028 -12.62437 3.824507E-06
0.769803 -12.83664 3.888813E-06
0.7698032 -13.04891 3.953119E-06
0.7698033 -13.26118 4.017425E-06
0.7698034 -13.47345 4.081732E-06
0.7698029 -13.68572 4.146038E-06
0.7698025 -13.89799 4.210344E-06
0.7698021 -14.11026 4.274651E-06
0.7698016 -14.32253 4.338957E-06
0.7698012 -14.5348 4.403263E-06
0.6988707 -14.73032 4.462497E-06
0.6039395 -14.92018 4.520014E-06
0.5773495 -15.12618 4.582419E-06
0.5773501 -15.33845 4.646725E-06
Stroke End
-7.890459 -6.505551 1.970832E-06
-7.804996 -6.505551 1.970832E-06
-7.719532 -6.505551 1.970832E-06
-7.634069 -6.505551 1.970832E-06
-7.548606 -6.505551 1.970832E-06
-7.463143 -6.505552 1.970832E-06
-7.377679 -6.505552 1.970832E-06
-7.292216 -6.505552 1.970833E-06
-7.206753 -6.505552 1.970833E-06
-7.12129 -6.505552 1.970833E-06
-7.055489 -6.559861 1.987285E-06
-6.989834 -6.614573 2.00386E-06
-6.924179 -6.669285 2.020435E-06
-6.858524 -6.723998 2.03701E-06
-6.79287 -6.778709 2.053585E-06
-6.727215 -6.833422 2.07016E-06
-6.66156 -6.888134 2.086734E-06
-6.595905 -6.942846 2.103309E-06
-6.530251 -6.997559 2.119884E-06
-6.464596 -7.052271 2.136459E-06
-6.398941 -7.106983 2.153034E-06
-6.333286 -7.161695 2.169609E-06
-6.267632 -7.216407 2.186184E-06
-6.201977 -7.27112 2.202758E-06
-6.136322 -7.325832 2.219333E-06
-6.070667 -7.380544 2.235908E-06
-6.005013 -7.435256 2.252483E-06
-5.939668 -7.490335 2.269169E-06
-5.87478 -7.545954 2.286019E-06
-5.809891 -7.601573 2.302868E-06
-5.745003 -7.657192 2.319718E-06
-5.680114 -7.712811 2.336567E-06
-5.615225 -7.76843 2.353417E-06
-5.550337 -7.824049 2.370266E-06
-5.485448 -7.879667 2.387116E-06
-5.42056 -7.935286 2.403965E-06
-5.355671 -7.990905 2.420815E-06
-5.290783 -8.046523 2.437664E-06
-5.225894 -8.102142 2.454514E-06
-5.161006 -8.157762 2.471363E-06
-5.096117 -8.21338 2.488213E-06
-5.031229 -8.268999 2.505062E-06
-4.96634 -8.324617 2.521912E-06
-4.901452 -8.380237 2.538761E-06
-4.836563 -8.435855 2.555611E-06
-4.771675 -8.491474 2.57246E-06
-4.706786 -8.547092 2.58931E-06
-4.641898 -8.602712 2.606159E-06
-4.57988 -8.66143 2.623948E-06
-4.519448 -8.721862 2.642255E-06
-4.459016 -8.782293 2.660563E-06
-4.398585 -8.842725 2.67887E-06
-4.338153 -8.903157 2.697178E-06
-4.277721 -8.963589 2.715486E-06
-4.21729 -9.02402 2.733793E-06
-4.156858 -9.084452 2.752101E-06
-4.096426 -9.144883 2.770408E-06
-4.035995 -9.205316 2.788716E-06
-3.975563 -9.265747 2.807023E-06
-3.915132 -9.326179 2.825331E-06
-3.8547 -9.38661 2.843638E-06
-3.794268 -9.447042 2.861946E-06
-3.733836 -9.507474 2.880254E-06
-3.673405 -9.567905 2.898561E-06
-3.612973 -9.628337 2.916869E-06
-3.552541 -9.688768 2.935176E-06
-3.49211 -9.7492 2.953484E-06
-3.431678 -9.809631 2.971791E-06
-3.371246 -9.870064 2.990099E-06
-3.310814 -9.930495 3.008407E-06
-3.250383 -9.990927 3.026714E-06
-3.189951 -10.05136 3.045021E-06
-3.12952 -10.11179 3.063329E-06
-3.067759 -10.17069 3.081173E-06
-2.999388 -10.22197 3.096707E-06
-2.931018 -10.27325 3.112242E-06
-2.862647 -10.32452 3.127776E-06
-2.794276 -10.3758 3.143311E-06
-2.725906 -10.42708 3.158845E-06
-2.657536 -10.47836 3.174379E-06
-2.589165 -10.52964 3.189914E-06
-2.520794 -10.58091 3.205449E-06
-2.452424 -10.63219 3.220983E-06
-2.384053 -10.68347 3.236517E-06
-2.315683 -10.73475 3.252052E-06
-2.239983 -10.77417 3.263994E-06
-2.163543 -10.81239 3.275573E-06
-2.087102 -10.85061 3.287151E-06
-2.010662 -10.88883 3.29873E-06
-1.934221 -10.92705 3.310309E-06
-1.871753 -10.98466 3.327761E-06
-1.81132 -11.04509 3.346068E-06
-1.750888 -11.10552 3.364375E-06
-1.673226 -11.12435 3.370081E-06
-1.587763 -11.12435 3.370082E-06
-1.5023 -11.12436 3.370082E-06
-1.416836 -11.12436 3.370082E-06
-1.335994 -11.13551 3.373462E-06
-1.275563 -11.19594 3.39177E-06
-1.215133 -11.25638 3.410077E-06
Stroke End
7.89046 -6.120654 1.854229E-06
7.796634 -6.120655 1.854229E-06
7.702808 -6.120655 1.854229E-06
7.608983 -6.120656 1.85423E-06
7.515157 -6.120656 1.85423E-06
7.455022 -6.188037 1.874643E-06
7.398726 -6.263098 1.897382E-06
7.342431 -6.338159 1.920121E-06
7.286136 -6.413219 1.942861E-06
7.22984 -6.48828 1.9656E-06
7.173544 -6.56334 1.988339E-06
7.117249 -6.638401 2.011079E-06
7.060954 -6.713461 2.033818E-06
7.004658 -6.788522 2.056557E-06
6.948362 -6.863583 2.079297E-06
6.889008 -6.936189 2.101293E-06
6.827947 -7.007427 2.122874E-06
6.766885 -7.078664 2.144455E-06
6.705824 -7.149902 2.166036E-06
6.644763 -7.22114 2.187617E-06
6.583702 -7.292377 2.209199E-06
6.522641 -7.363616 2.23078E-06
6.46158 -7.434853 2.252361E-06
6.400519 -7.506091 2.273942E-06
6.339458 -7.577329 2.295523E-06
6.278397 -7.648566 2.317105E-06
6.217336 -7.719804 2.338686E-06
6.156275 -7.791042 2.360267E-06
6.095213 -7.862279 2.381848E-06
6.034153 -7.933517 2.40343E-06
5.973091 -8.004755 2.425011E-06
5.91203 -8.075993 2.446592E-06
5.850969 -8.147231 2.468173E-06
5.789908 -8.218469 2.489754E-06
5.729575 -8.290321 2.511522E-06
5.669509 -8.3624 2.533358E-06
5.609443 -8.43448 2.555194E-06
5.549377 -8.506558 2.57703E-06
5.489312 -8.578637 2.598866E-06
5.429246 -8.650716 2.620702E-06
5.36918 -8.722795 2.642538E-06
5.309115 -8.794874 2.664374E-06
5.249049 -8.866953 2.68621E-06
5.188983 -8.939033 2.708046E-06
5.128917 -9.011111 2.729882E-06
5.068851 -9.08319 2.751719E-06
5.008786 -9.15527 2.773555E-06
4.94872 -9.227348 2.795391E-06
4.888655 -9.299427 2.817227E-06
4.828589 -9.371506 2.839063E-06
4.769557 -9.444429 2.861155E-06
4.710945 -9.517695 2.88335E-06
4.652332 -9.590961 2.905546E-06
4.593719 -9.664227 2.927741E-06
4.535107 -9.737492 2.949937E-06
4.476495 -9.810758 2.972132E-06
4.417882 -9.884023 2.994328E-06
4.35927 -9.957289 3.016523E-06
4.300657 -10.03055 3.038719E-06
4.242044 -10.10382 3.060914E-06
4.183432 -10.17709 3.08311E-06
4.12482 -10.25035 3.105305E-06
4.066207 -10.32362 3.127501E-06
4.008933 -10.39792 3.150011E-06
3.952637 -10.47298 3.17275E-06
3.896342 -10.54804 3.195489E-06
3.840046 -10.6231 3.218229E-06
3.78375 -10.69816 3.240968E-06
3.727455 -10.77322 3.263707E-06
3.671159 -10.84828 3.286446E-06
3.614863 -10.92334 3.309186E-06
3.558568 -10.9984 3.331925E-06
3.502272 -11.07346 3.354664E-06
3.44274 -11.14572 3.376553E-06
3.376396 -11.21206 3.396652E-06
3.310051 -11.27841 3.416751E-06
3.243707 -11.34475 3.43685E-06
3.177362 -11.4111 3.456949E-06
3.111018 -11.47744 3.477048E-06
3.044673 -11.54379 3.497147E-06
2.978329 -11.61013 3.517246E-06
2.911984 -11.67648 3.537345E-06
2.834748 -11.72771 3.552866E-06
2.750828 -11.76967 3.565578E-06
2.666907 -11.81163 3.57829E-06
2.582987 -11.85359 3.591001E-06
2.499067 -11.89555 3.603713E-06
2.415147 -11.93751 3.616425E-06
2.331226 -11.97947 3.629136E-06
2.247306 -12.02143 3.641848E-06
2.163385 -12.06339 3.65456E-06
2.08208 -12.10986 3.668636E-06
2.004012 -12.1619 3.684403E-06
1.925944 -12.21395 3.70017E-06
1.847877 -12.26599 3.715937E-06
1.769809 -12.31804 3.731704E-06
1.691741 -12.37008 3.747471E-06
1.613673 -12.42213 3.763238E-06
1.539601 -12.47631 3.779652E-06
1.539601 -12.57014 3.808076E-06
Stroke End
-16.74317 -16.70542 5.060843E-06
-16.42157 -16.62502 5.036486E-06
-16.09997 -16.54461 5.012129E-06
-15.77237 -16.51296 5.00254E-06
-15.44087 -16.51296 5.002541E-06
-15.10938 -16.51296 5.002541E-06
-14.77884 -16.49185 4.996144E-06
-14.4487 -16.46184 4.987051E-06
-14.11856 -16.43182 4.97796E-06
-13.78843 -16.40181 4.968867E-06
-13.45829 -16.3718 4.959775E-06
-13.12815 -16.34179 4.950683E-06
-12.79762 -16.32051 4.944239E-06
-12.46612 -16.32051 4.944239E-06
-12.13463 -16.32051 4.944239E-06
-11.80313 -16.32052 4.944239E-06
-11.47163 -16.32052 4.944239E-06
-11.14013 -16.32052 4.94424E-06
-10.80863 -16.32052 4.94424E-06
-10.47714 -16.32052 4.94424E-06
-10.14564 -16.32052 4.944239E-06
-9.81414 -16.32052 4.944239E-06
-9.482642 -16.32051 4.944239E-06
-9.151144 -16.32051 4.944239E-06
-8.819647 -16.32051 4.944239E-06
-8.488149 -16.32051 4.944239E-06
-8.156651 -16.32051 4.944239E-06
-7.825153 -16.32051 4.944239E-06
-7.493655 -16.32051 4.944239E-06
-7.162157 -16.32051 4.944239E-06
-6.830659 -16.32051 4.944239E-06
-6.499162 -16.32051 4.944239E-06
-6.167664 -16.32051 4.944239E-06
-5.836165 -16.32051 4.944239E-06
-5.504668 -16.32051 4.944239E-06
-5.17317 -16.32051 4.944239E-06
-4.841672 -16.32051 4.944239E-06
-4.510174 -16.32051 4.944239E-06
-4.178677 -16.32051 4.944239E-06
-3.847178 -16.32051 4.944239E-06
-3.51568 -16.32051 4.944239E-06
-3.184183 -16.32051 4.944239E-06
-2.852685 -16.32051 4.944239E-06
-2.521187 -16.32051 4.944239E-06
-2.189688 -16.32051 4.944239E-06
-1.858191 -16.32051 4.944239E-06
-1.526693 -16.32051 4.944239E-06
-1.195194 -16.32051 4.944239E-06
-0.8636972 -16.32051 4.944239E-06
-0.532198 -16.32051 4.944239E-06
-0.2007007 -16.32051 4.944239E-06
0.1307965 -16.32051 4.944239E-06
0.4622956 -16.32051 4.944239E-06
0.7937927 -16.32052 4.944239E-06
1.12529 -16.32052 4.944239E-06
1.456789 -16.32052 4.94424E-06
1.788286 -16.32052 4.94424E-06
2.119784 -16.32052 4.94424E-06
2.451283 -16.32052 4.944239E-06
2.78278 -16.32052 4.944239E-06
3.114279 -16.32051 4.944239E-06
3.445777 -16.32051 4.944239E-06
3.777274 -16.32051 4.944239E-06
4.108773 -16.32051 4.944239E-06
4.44027 -16.32051 4.944239E-06
4.771768 -16.32051 4.944239E-06
5.103267 -16.32051 4.944239E-06
5.434764 -16.32051 4.944239E-06
5.766261 -16.32051 4.944239E-06
6.09776 -16.32052 4.944239E-06
6.429257 -16.32052 4.944239E-06
6.760756 -16.32052 4.94424E-06
7.092253 -16.32052 4.94424E-06
7.42375 -16.32052 4.94424E-06
7.75525 -16.32052 4.94424E-06
8.086746 -16.32052 4.94424E-06
8.418243 -16.32052 4.94424E-06
8.749743 -16.32052 4.94424E-06
9.08124 -16.32052 4.94424E-06
9.412737 -16.32052 4.944239E-06
9.744235 -16.32051 4.944239E-06
10.07573 -16.32051 4.944239E-06
10.40723 -16.32051 4.944239E-06
10.73873 -16.32051 4.944239E-06
11.07023 -16.32051 4.944239E-06
11.40172 -16.32051 4.944239E-06
11.73322 -16.32051 4.944239E-06
12.06472 -16.32051 4.944239E-06
12.39622 -16.32051 4.944239E-06
12.72736 -16.32479 4.945534E-06
13.05435 -16.37929 4.962043E-06
13.38134 -16.43378 4.978553E-06
13.70833 -16.48828 4.995062E-06
14.03778 -16.51296 5.00254E-06
14.36928 -16.51296 5.002541E-06
14.70078 -16.51296 5.002541E-06
15.03227 -16.51296 5.002541E-06
15.36377 -16.51296 5.002541E-06
15.69527 -16.51296 5.00254E-06
16.02677 -16.51296 5.00254E-06
Stroke End
