4
-0.9622509 21.97708 -6.657873E-06
-1.107876 21.46739 -6.503465E-06
-1.253501 20.9577 -6.349057E-06
-1.370618 20.44219 -6.192886E-06
-1.436367 19.9162 -6.033539E-06
-1.502116 19.39021 -5.874193E-06
-1.539602 18.86246 -5.714313E-06
-1.539602 18.33238 -5.553726E-06
-1.539601 17.8023 -5.393139E-06
-1.559444 17.27292 -5.232767E-06
-1.597211 16.74419 -5.072588E-06
-1.634978 16.21545 -4.91241E-06
-1.672745 15.68671 -4.752231E-06
-1.710512 15.15798 -4.592053E-06
-1.732052 14.62866 -4.431698E-06
-1.732052 14.09858 -4.271112E-06
-1.732052 13.5685 -4.110525E-06
-1.732052 13.03841 -3.949938E-06
-1.732052 12.50833 -3.789352E-06
-1.732052 11.97825 -3.628765E-06
-1.732052 11.44816 -3.468178E-06
-1.732052 10.91808 -3.307591E-06
-1.732051 10.388 -3.147005E-06
-1.732051 9.857914 -2.986418E-06
-1.732051 9.32783 -2.825831E-06
-1.732051 8.797747 -2.665244E-06
-1.732051 8.267664 -2.504658E-06
-1.732052 7.73758 -2.344071E-06
-1.732052 7.207496 -2.183484E-06
-1.732052 6.677413 -2.022897E-06
-1.732052 6.14733 -1.862311E-06
-1.732052 5.617246 -1.701724E-06
-1.732052 5.087164 -1.541137E-06
-1.732052 4.557081 -1.380551E-06
-1.732052 4.026997 -1.219964E-06
-1.732052 3.496914 -1.059377E-06
-1.732052 2.966831 -8.987905E-07
-1.732052 2.436747 -7.382033E-07
-1.732052 1.906664 -5.776168E-07
-1.732052 1.376582 -4.170302E-07
-1.732052 0.8464989 -2.564437E-07
-1.732052 0.3164143 -9.585651E-08
-1.732052 -0.2136684 6.473005E-08
-1.732052 -0.743751 2.253166E-07
-1.732052 -1.273836 3.859037E-07
-1.732052 -1.803918 5.464902E-07
-1.732052 -2.334001 7.070768E-07
-1.732052 -2.864085 8.676639E-07
-1.732052 -3.394168 1.02825E-06
-1.732052 -3.92425 1.188837E-06
-1.732052 -4.454335 1.349424E-06
-1.732052 -4.984417 1.510011E-06
-1.732052 -5.5145 1.670597E-06
-1.732052 -6.044585 1.831184E-06
-1.732052 -6.574667 1.991771E-06
-1.732052 -7.10475 2.152357E-06
-1.732052 -7.634834 2.312945E-06
-1.732052 -8.164917 2.473531E-06
-1.732052 -8.695 2.634118E-06
-1.732052 -9.225082 2.794704E-06
-1.732052 -9.755167 2.955291E-06
-1.732052 -10.28525 3.115878E-06
-1.732052 -10.81533 3.276465E-06
-1.732052 -11.34542 3.437051E-06
-1.732052 -11.8755 3.597638E-06
-1.732052 -12.40558 3.758224E-06
-1.732052 -12.93566 3.918811E-06
-1.732052 -13.46575 4.079398E-06
-1.732052 -13.99583 4.239986E-06
-1.732052 -14.52592 4.400572E-06
-1.73794 -15.05579 4.561095E-06
-1.775707 -15.58452 4.721274E-06
-1.813473 -16.11326 4.881452E-06
-1.85124 -16.642 5.041631E-06
-1.889007 -17.17074 5.20181E-06
-1.924503 -17.69955 5.362013E-06
-1.924503 -18.22964 5.5226E-06
-1.924502 -18.75972 5.683186E-06
-1.924503 -19.2898 5.843773E-06
-2.026339 -19.00359 5.757067E-06
-2.263399 -18.52947 5.613435E-06
-2.535829 -18.07519 5.47581E-06
-2.816772 -17.62568 5.339633E-06
-3.097716 -17.17617 5.203456E-06
-3.335499 -16.70633 5.06112E-06
-3.541191 -16.22416 4.915048E-06
-3.872331 -15.81023 4.789651E-06
-4.203473 -15.3963 4.664253E-06
-4.534613 -14.98238 4.538856E-06
-4.865753 -14.56845 4.413458E-06
-5.196893 -14.15453 4.288061E-06
-5.528033 -13.7406 4.162664E-06
-5.887609 -13.35769 4.046663E-06
-6.328668 -13.06365 3.957585E-06
-6.769723 -12.76962 3.868508E-06
-7.199895 -12.4602 3.77477E-06
-7.623963 -12.14215 3.678418E-06
-8.007384 -11.77723 3.567869E-06
-8.4615 -11.51241 3.487643E-06
-8.752952 -11.12435 3.370081E-06
Stroke End
-18.09032 6.003714 -1.818803E-06
-17.73567 6.084816 -1.843372E-06
-17.40133 6.251982 -1.894015E-06
-17.05979 6.388612 -1.935406E-06
-16.68599 6.388611 -1.935406E-06
-16.31219 6.388611 -1.935406E-06
-15.9384 6.388611 -1.935406E-06
-15.5646 6.388611 -1.935406E-06
-15.1908 6.388611 -1.935406E-06
-14.817 6.388611 -1.935406E-06
-14.4432 6.388611 -1.935406E-06
-14.06941 6.38861 -1.935406E-06
-13.69561 6.38861 -1.935405E-06
-13.32181 6.38861 -1.935405E-06
-12.94801 6.38861 -1.935405E-06
-12.57421 6.38861 -1.935405E-06
-12.20042 6.38861 -1.935406E-06
-11.82662 6.38861 -1.935406E-06
-11.45282 6.38861 -1.935406E-06
-11.07902 6.388611 -1.935406E-06
-10.70523 6.388611 -1.935406E-06
-10.33143 6.388611 -1.935406E-06
-9.957631 6.388611 -1.935406E-06
-9.583833 6.388611 -1.935406E-06
-9.210035 6.388612 -1.935406E-06
-8.836238 6.388612 -1.935406E-06
-8.46244 6.388612 -1.935406E-06
-8.088642 6.388611 -1.935406E-06
-7.714845 6.388611 -1.935406E-06
-7.341046 6.388612 -1.935406E-06
-6.967249 6.388611 -1.935406E-06
-6.593451 6.388612 -1.935406E-06
-6.363342 6.146213 -1.861972E-06
-6.454002 5.783576 -1.752113E-06
-6.546798 5.421996 -1.642573E-06
-6.780308 5.130109 -1.554148E-06
-7.013818 4.838222 -1.465721E-06
-7.247328 4.546336 -1.377295E-06
-7.480837 4.254449 -1.288869E-06
-7.714347 3.962561 -1.200443E-06
-7.947856 3.670674 -1.112017E-06
-8.181365 3.378787 -1.023591E-06
-8.414875 3.0869 -9.351647E-07
-8.648385 2.795012 -8.467385E-07
-8.878624 2.500735 -7.575883E-07
-9.08597 2.189716 -6.633663E-07
-9.293316 1.878697 -5.691442E-07
-9.500661 1.56768 -4.749226E-07
-9.708008 1.25666 -3.807006E-07
-9.915354 0.9456416 -2.864786E-07
-10.1227 0.6346241 -1.92257E-07
-10.33004 0.3236052 -9.803498E-08
-10.54119 0.01516442 -4.594006E-09
-10.75395 -0.2921681 8.851125E-08
-10.96672 -0.5995023 1.81617E-07
-11.17949 -0.9068365 2.747227E-07
-11.39226 -1.214169 3.678279E-07
-11.60503 -1.521503 4.609337E-07
-11.8178 -1.828837 5.540394E-07
-12.03057 -2.136172 6.471452E-07
-12.26323 -2.427873 7.35515E-07
-12.51157 -2.707253 8.201522E-07
-12.7599 -2.986633 9.047894E-07
-13.00824 -3.266012 9.894262E-07
-13.25658 -3.545393 1.074063E-06
-13.50492 -3.824773 1.158701E-06
-13.74104 -4.113804 1.246262E-06
-13.9554 -4.420032 1.339032E-06
-14.16976 -4.726259 1.431803E-06
-14.38412 -5.032485 1.524573E-06
-14.59847 -5.338713 1.617343E-06
-14.81283 -5.64494 1.710113E-06
-15.03265 -5.946148 1.801363E-06
-15.31981 -6.185447 1.873858E-06
-15.60697 -6.424747 1.946353E-06
-15.89413 -6.664047 2.018848E-06
-16.18006 -6.904694 2.091751E-06
-16.44437 -7.169009 2.171824E-06
-16.70869 -7.433324 2.251898E-06
-16.973 -7.697638 2.331971E-06
-17.23732 -7.961954 2.412044E-06
-17.50163 -8.226269 2.492118E-06
-17.76595 -8.490583 2.57219E-06
-18.03781 -8.746896 2.649839E-06
-18.31719 -8.995234 2.725073E-06
-18.59657 -9.243571 2.800306E-06
-18.87595 -9.491911 2.875539E-06
-19.15533 -9.740247 2.950771E-06
-19.43471 -9.988585 3.026005E-06
-19.71786 -10.23246 3.099885E-06
-20.00974 -10.46597 3.170626E-06
-20.30163 -10.69948 3.241367E-06
-20.59377 -10.93255 3.311975E-06
-20.94083 -11.07137 3.354031E-06
-21.2879 -11.2102 3.396088E-06
-21.63671 -11.34424 3.436695E-06
-21.99133 -11.46245 3.472505E-06
-22.35753 -11.50926 3.486688E-06
-22.73133 -11.50926 3.486688E-06
-23.10513 -11.50926 3.486688E-06
Stroke End
14.43376 10.62252 -3.218053E-06
14.33567 10.52442 -3.188333E-06
14.23757 10.42631 -3.158613E-06
14.13947 10.32821 -3.128893E-06
14.04137 10.23011 -3.099174E-06
13.94327 10.13201 -3.069455E-06
13.84516 10.03391 -3.039736E-06
13.74706 9.93581 -3.010017E-06
13.64631 9.840943 -2.981277E-06
13.53088 9.763988 -2.957963E-06
13.41544 9.687032 -2.93465E-06
13.3 9.610076 -2.911336E-06
13.18457 9.53312 -2.888023E-06
13.07496 9.450336 -2.862944E-06
12.998 9.334902 -2.827974E-06
12.92105 9.219467 -2.793003E-06
12.84409 9.104033 -2.758032E-06
12.76713 8.988597 -2.723062E-06
12.68508 8.877987 -2.689553E-06
12.57409 8.794745 -2.664335E-06
12.4631 8.711504 -2.639118E-06
12.35211 8.628263 -2.6139E-06
12.24112 8.545021 -2.588682E-06
12.13014 8.461781 -2.563465E-06
12.01915 8.378539 -2.538247E-06
11.90721 8.296643 -2.513437E-06
11.79177 8.219687 -2.490123E-06
11.67634 8.142731 -2.46681E-06
11.5609 8.065775 -2.443496E-06
11.44547 7.988819 -2.420183E-06
11.33098 7.910527 -2.396464E-06
11.21999 7.827285 -2.371247E-06
11.109 7.744043 -2.346029E-06
10.99801 7.660802 -2.320811E-06
10.88702 7.57756 -2.295594E-06
10.77604 7.494318 -2.270376E-06
10.66505 7.411077 -2.245158E-06
10.55283 7.329574 -2.220467E-06
10.43739 7.252616 -2.197153E-06
10.32196 7.17566 -2.173839E-06
10.20652 7.098702 -2.150525E-06
10.09109 7.021745 -2.127212E-06
9.973274 6.948891 -2.105141E-06
9.849185 6.886847 -2.086345E-06
9.725096 6.824803 -2.067549E-06
9.601007 6.76276 -2.048753E-06
9.476918 6.700716 -2.029957E-06
9.352829 6.638672 -2.011161E-06
9.229359 6.575562 -1.992042E-06
9.113923 6.498605 -1.968728E-06
8.998488 6.421649 -1.945414E-06
8.883054 6.344692 -1.922101E-06
8.767619 6.267735 -1.898787E-06
8.652184 6.190778 -1.875473E-06
8.53675 6.113821 -1.852159E-06
8.421315 6.036863 -1.828845E-06
8.305881 5.959906 -1.805531E-06
8.190446 5.882949 -1.782217E-06
8.074096 5.807732 -1.759431E-06
7.945283 5.756207 -1.743821E-06
7.816471 5.704682 -1.728212E-06
7.687657 5.653158 -1.712603E-06
7.558845 5.601633 -1.696994E-06
7.430032 5.550108 -1.681385E-06
7.301219 5.498584 -1.665775E-06
7.172406 5.447059 -1.650166E-06
7.061968 5.36767 -1.626115E-06
6.963868 5.269568 -1.596396E-06
6.849226 5.194417 -1.573629E-06
6.725136 5.132374 -1.554834E-06
6.601047 5.070332 -1.536038E-06
6.469126 5.041463 -1.527292E-06
6.33039 5.041463 -1.527292E-06
6.191654 5.041463 -1.527293E-06
6.052919 5.041464 -1.527293E-06
5.91965 5.01831 -1.520278E-06
5.795561 4.956264 -1.501482E-06
5.671473 4.894219 -1.482685E-06
5.545342 4.837106 -1.465383E-06
5.413726 4.793234 -1.452092E-06
5.28211 4.749362 -1.438801E-06
5.150494 4.70549 -1.425511E-06
5.018878 4.661618 -1.41222E-06
4.916914 4.569767 -1.384394E-06
4.818813 4.471666 -1.354675E-06
4.720713 4.373566 -1.324955E-06
4.622612 4.275464 -1.295236E-06
4.485453 4.271657 -1.294083E-06
4.346717 4.271657 -1.294083E-06
4.207982 4.271657 -1.294083E-06
4.069246 4.271657 -1.294083E-06
3.963006 4.193208 -1.270317E-06
3.864905 4.095107 -1.240597E-06
3.745029 4.02722 -1.220031E-06
3.620939 3.965176 -1.201235E-06
3.49685 3.903133 -1.182439E-06
3.36198 3.88676 -1.177479E-06
3.237423 3.85253 -1.167109E-06
3.139322 3.754428 -1.13739E-06
3.025489 3.694308 -1.119177E-06
Stroke End
1.924501 2.732057 -8.276663E-07
2.196914 2.59585 -7.864032E-07
2.435834 2.413176 -7.310625E-07
2.651195 2.197815 -6.658199E-07
2.866557 1.982455 -6.005772E-07
3.039853 1.732609 -5.248874E-07
3.208796 1.479194 -4.481163E-07
3.377739 1.225779 -3.713453E-07
3.546682 0.9723648 -2.945743E-07
3.725857 0.726702 -2.201517E-07
3.924067 0.4954579 -1.500971E-07
4.122276 0.2642138 -8.004259E-08
4.320485 0.03296955 -9.988009E-09
4.518694 -0.1982746 6.006653E-08
4.716903 -0.4295187 1.301211E-07
4.916343 -0.6596969 1.998527E-07
5.116901 -0.8889067 2.69291E-07
5.31746 -1.118116 3.387292E-07
5.518018 -1.347326 4.081674E-07
5.718576 -1.576536 4.776057E-07
5.919134 -1.805746 5.47044E-07
6.119692 -2.034956 6.164822E-07
6.315748 -2.26801 6.870851E-07
6.510727 -2.501984 7.579666E-07
6.705707 -2.735958 8.288483E-07
6.900686 -2.969932 8.997298E-07
7.095665 -3.203906 9.706114E-07
7.29346 -3.4355 1.040772E-06
7.491669 -3.666744 1.110826E-06
7.689878 -3.897988 1.180881E-06
7.888087 -4.129232 1.250935E-06
8.086296 -4.360476 1.32099E-06
8.285297 -4.590988 1.390823E-06
8.500658 -4.806348 1.456065E-06
8.716019 -5.021709 1.521308E-06
8.93138 -5.23707 1.586551E-06
9.146741 -5.452431 1.651794E-06
9.362102 -5.667792 1.717036E-06
9.577463 -5.883153 1.782279E-06
9.79901 -6.092093 1.845577E-06
10.02219 -6.299336 1.90836E-06
10.24538 -6.506579 1.971144E-06
10.46856 -6.713822 2.033927E-06
10.69175 -6.921064 2.096711E-06
10.91493 -7.128307 2.159494E-06
11.13812 -7.33555 2.222277E-06
11.3613 -7.542792 2.285061E-06
11.58448 -7.750035 2.347844E-06
11.80767 -7.957279 2.410628E-06
12.03085 -8.164521 2.473411E-06
12.25404 -8.371764 2.536195E-06
12.4716 -8.584841 2.600746E-06
12.68696 -8.800202 2.665988E-06
12.90232 -9.015562 2.731231E-06
13.12237 -9.225393 2.794798E-06
13.3702 -9.402418 2.848427E-06
13.61804 -9.579444 2.902057E-06
13.86588 -9.756469 2.955686E-06
14.11371 -9.933495 3.009315E-06
14.36155 -10.11052 3.062944E-06
14.60938 -10.28755 3.116574E-06
14.85722 -10.46457 3.170202E-06
15.10506 -10.6416 3.223832E-06
15.35289 -10.81862 3.277461E-06
15.60073 -10.99565 3.33109E-06
15.85009 -11.17047 3.384051E-06
16.1035 -11.33941 3.435232E-06
16.35692 -11.50835 3.486413E-06
16.61033 -11.6773 3.537594E-06
16.86374 -11.84624 3.588774E-06
17.12271 -12.00641 3.637298E-06
17.38387 -12.16311 3.684769E-06
17.64504 -12.31981 3.73224E-06
17.90564 -12.47734 3.779963E-06
18.14929 -12.66008 3.835323E-06
18.39295 -12.84282 3.890683E-06
18.6366 -13.02555 3.946043E-06
18.88025 -13.20829 4.001403E-06
19.12391 -13.39103 4.056763E-06
19.36756 -13.57377 4.112124E-06
19.6142 -13.75244 4.16625E-06
19.86203 -13.92947 4.219879E-06
20.10987 -14.10649 4.273509E-06
20.3577 -14.28352 4.327139E-06
20.60554 -14.46055 4.380768E-06
20.86019 -14.62625 4.430967E-06
21.1326 -14.76245 4.47223E-06
21.40502 -14.89866 4.513493E-06
21.67743 -15.03487 4.554756E-06
21.95024 -15.17018 4.595749E-06
22.23302 -15.28329 4.630017E-06
22.51581 -15.39641 4.664284E-06
22.79859 -15.50952 4.698551E-06
23.03851 -15.68764 4.752512E-06
23.31443 -15.7618 4.774979E-06
23.56785 -15.93075 4.82616E-06
23.82126 -16.09969 4.87734E-06
24.04302 -16.30725 4.940219E-06
24.26094 -16.51906 5.004388E-06
24.53335 -16.65527 5.045652E-06
Stroke End
