4
-17.12807 9.467817 -2.86824E-06
-16.79016 9.467817 -2.86824E-06
-16.45621 9.515644 -2.882729E-06
-16.1229 9.571196 -2.899558E-06
-15.78959 9.626748 -2.916387E-06
-15.4558 9.679221 -2.932284E-06
-15.12129 9.727008 -2.946761E-06
-14.78678 9.774796 -2.961238E-06
-14.45227 9.822582 -2.975715E-06
-14.11776 9.87037 -2.990191E-06
-13.78325 9.918157 -3.004669E-06
-13.44873 9.965944 -3.019145E-06
-13.11422 10.01373 -3.033622E-06
-12.77971 10.06152 -3.048099E-06
-12.4452 10.10931 -3.062576E-06
-12.11069 10.15709 -3.077053E-06
-11.77618 10.20488 -3.09153E-06
-11.44112 10.24821 -3.104656E-06
-11.10489 10.28183 -3.114841E-06
-10.76866 10.31545 -3.125027E-06
-10.43243 10.34907 -3.135212E-06
-10.0962 10.38269 -3.145398E-06
-9.759969 10.41631 -3.155583E-06
-9.422746 10.43006 -3.159748E-06
-9.084838 10.43006 -3.159748E-06
-8.746931 10.43006 -3.159748E-06
-8.409022 10.43006 -3.159748E-06
-8.071115 10.43006 -3.159748E-06
-7.733207 10.43006 -3.159748E-06
-7.395299 10.43006 -3.159748E-06
-7.057392 10.43006 -3.159748E-06
-6.719484 10.43006 -3.159749E-06
-6.381576 10.43006 -3.159749E-06
-6.043668 10.43006 -3.159749E-06
-5.70576 10.43006 -3.159749E-06
-5.367853 10.43006 -3.159749E-06
-5.029945 10.43006 -3.159749E-06
-4.692037 10.43006 -3.159749E-06
-4.354129 10.43006 -3.159749E-06
-4.016222 10.43006 -3.159749E-06
-3.678314 10.43006 -3.159749E-06
-3.340406 10.43006 -3.159749E-06
-3.002498 10.43006 -3.159748E-06
-2.66459 10.43006 -3.159748E-06
-2.326683 10.43006 -3.159748E-06
-1.988775 10.43006 -3.159748E-06
-1.650867 10.43006 -3.159748E-06
-1.312959 10.43006 -3.159748E-06
-0.9750512 10.43006 -3.159748E-06
-0.6371433 10.43006 -3.159748E-06
-0.2992356 10.43006 -3.159748E-06
0.03867208 10.43006 -3.159748E-06
0.3765798 10.43006 -3.159748E-06
0.7144876 10.43006 -3.159748E-06
1.052395 10.43006 -3.159748E-06
1.390303 10.43006 -3.159748E-06
1.728211 10.43006 -3.159748E-06
2.066118 10.43006 -3.159748E-06
2.404026 10.43006 -3.159748E-06
2.741934 10.43006 -3.159748E-06
3.079842 10.43006 -3.159748E-06
3.417749 10.43006 -3.159748E-06
3.755657 10.43006 -3.159748E-06
4.093565 10.43006 -3.159748E-06
4.431473 10.43006 -3.159748E-06
4.769381 10.43006 -3.159748E-06
5.107288 10.43006 -3.159748E-06
5.445196 10.43006 -3.159748E-06
5.783104 10.43006 -3.159748E-06
6.121012 10.43006 -3.159748E-06
6.45892 10.43006 -3.159748E-06
6.796827 10.43006 -3.159748E-06
7.134735 10.43006 -3.159748E-06
7.472643 10.43006 -3.159748E-06
7.810551 10.43006 -3.159748E-06
8.148458 10.43006 -3.159748E-06
8.486366 10.43006 -3.159748E-06
8.824274 10.43006 -3.159748E-06
9.162182 10.43006 -3.159748E-06
9.50009 10.43006 -3.159748E-06
9.837997 10.43006 -3.159748E-06
10.17591 10.43006 -3.159748E-06
10.51381 10.43006 -3.159748E-06
10.85172 10.43006 -3.159748E-06
11.18963 10.43006 -3.159748E-06
11.52754 10.43006 -3.159748E-06
11.86544 10.43006 -3.159748E-06
12.20335 10.43006 -3.159748E-06
12.54126 10.43006 -3.159748E-06
12.87917 10.43006 -3.159748E-06
13.21708 10.43006 -3.159748E-06
13.55498 10.43006 -3.159748E-06
13.89289 10.43006 -3.159748E-06
14.2308 10.43006 -3.159748E-06
14.56871 10.43006 -3.159748E-06
14.90662 10.43006 -3.159748E-06
15.24452 10.43006 -3.159748E-06
15.56275 10.51343 -3.185004E-06
15.8749 10.62252 -3.218053E-06
16.21281 10.62252 -3.218052E-06
Stroke End
-0.3849003 25.24872 -7.649007E-06
-0.3849003 24.81136 -7.516508E-06
-0.4031358 24.37559 -7.384493E-06
-0.479144 23.94487 -7.25401E-06
-0.5551522 23.51416 -7.123527E-06
-0.6311604 23.08345 -6.993045E-06
-0.7071686 22.65274 -6.862562E-06
-0.7831768 22.22202 -6.732079E-06
-0.859185 21.79131 -6.601596E-06
-0.9351932 21.3606 -6.471114E-06
-0.9622509 20.9256 -6.339333E-06
-0.9622509 20.48823 -6.206834E-06
-0.9622509 20.05087 -6.074335E-06
-0.9622509 19.6135 -5.941836E-06
-0.9622509 19.17613 -5.809337E-06
-0.9622509 18.73876 -5.676839E-06
-0.9622509 18.3014 -5.54434E-06
-0.9622509 17.86403 -5.411841E-06
-0.9622509 17.42666 -5.279342E-06
-0.9622509 16.98929 -5.146843E-06
-0.9622509 16.55193 -5.014344E-06
-0.9622509 16.11456 -4.881846E-06
-0.9622509 15.67719 -4.749347E-06
-0.9622509 15.23982 -4.616848E-06
-0.962251 14.80246 -4.484349E-06
-0.962251 14.36509 -4.35185E-06
-0.962251 13.92772 -4.219351E-06
-0.962251 13.49035 -4.086853E-06
-0.962251 13.05299 -3.954354E-06
-0.962251 12.61562 -3.821855E-06
-0.9622511 12.17825 -3.689356E-06
-0.9622511 11.74088 -3.556857E-06
-0.9622511 11.30352 -3.424358E-06
-0.9622511 10.86615 -3.291859E-06
-0.9622511 10.42878 -3.159361E-06
-0.9622511 9.991415 -3.026862E-06
-0.9622511 9.554048 -2.894363E-06
-0.9622511 9.11668 -2.761864E-06
-0.9622511 8.679312 -2.629365E-06
-0.9622511 8.241945 -2.496867E-06
-0.9622512 7.804576 -2.364367E-06
-0.9622512 7.36721 -2.231869E-06
-0.9622512 6.929842 -2.09937E-06
-0.9622512 6.492476 -1.966871E-06
-0.9622512 6.055107 -1.834372E-06
-0.9622512 5.61774 -1.701873E-06
-0.9622512 5.180372 -1.569374E-06
-0.9622512 4.743005 -1.436876E-06
-0.9622512 4.305637 -1.304377E-06
-0.9622512 3.86827 -1.171878E-06
-0.9622512 3.430902 -1.039379E-06
-0.9622512 2.993535 -9.068804E-07
-0.9622512 2.556167 -7.743812E-07
-0.9622511 2.1188 -6.418827E-07
-0.9622511 1.681432 -5.093836E-07
-0.9622511 1.244066 -3.76885E-07
-0.9622511 0.806697 -2.443859E-07
-0.9622511 0.3693307 -1.118874E-07
-0.9622511 -0.06803777 2.061178E-08
-0.9622511 -0.5054045 1.531104E-07
-0.9622511 -0.9427726 2.856094E-07
-0.9622511 -1.380139 4.18108E-07
-0.962251 -1.817508 5.506072E-07
-0.962251 -2.254874 6.831057E-07
-0.962251 -2.692243 8.156048E-07
-0.9622511 -3.129611 9.48104E-07
-0.9622511 -3.566978 1.080603E-06
-0.9622511 -4.004346 1.213102E-06
-0.9622511 -4.441713 1.3456E-06
-0.9622511 -4.879081 1.4781E-06
-0.9622511 -5.316448 1.610598E-06
-0.9622512 -5.753817 1.743097E-06
-0.9622512 -6.191183 1.875596E-06
-0.9622511 -6.628551 2.008095E-06
-0.9622511 -7.065918 2.140593E-06
-0.9622511 -7.503284 2.273092E-06
-0.9622511 -7.940655 2.405592E-06
-0.962251 -8.378021 2.53809E-06
-0.962251 -8.815388 2.670589E-06
-0.9622509 -9.252754 2.803087E-06
-0.9622509 -9.690125 2.935587E-06
-0.9622509 -10.12749 3.068086E-06
-0.9622509 -10.56486 3.200584E-06
-0.962251 -11.00222 3.333083E-06
-0.962251 -11.43959 3.465582E-06
-0.9622511 -11.87696 3.598081E-06
-0.9622511 -12.31433 3.730579E-06
-0.9622512 -12.75169 3.863078E-06
-0.9622512 -13.18906 3.995578E-06
-0.9622512 -13.62643 4.128076E-06
-0.9622512 -14.0638 4.260575E-06
-0.9622512 -14.50116 4.393073E-06
-0.9622512 -14.93853 4.525573E-06
-0.9622513 -15.3759 4.658071E-06
-0.9622513 -15.81327 4.79057E-06
-0.9622513 -16.25063 4.923068E-06
-0.9622512 -16.688 5.055568E-06
-0.9622512 -17.12537 5.188067E-06
-0.9622512 -17.56273 5.320565E-06
-0.9622512 -18.0001 5.453064E-06
Stroke End
-1.154701 10.81497 -3.276353E-06
-1.255594 10.51229 -3.184658E-06
-1.360353 10.21121 -3.093449E-06
-1.503036 9.925847 -3.006998E-06
-1.645719 9.640481 -2.920548E-06
-1.788402 9.355115 -2.834097E-06
-1.93316 9.07101 -2.748028E-06
-2.120816 8.812984 -2.66986E-06
-2.308471 8.554956 -2.591692E-06
-2.496127 8.296929 -2.513524E-06
-2.683782 8.038903 -2.435356E-06
-2.871438 7.780876 -2.357187E-06
-3.059093 7.522849 -2.279019E-06
-3.246749 7.264822 -2.200851E-06
-3.434404 7.006796 -2.122683E-06
-3.637575 6.760948 -2.048204E-06
-3.843662 6.51739 -1.974419E-06
-4.04975 6.273833 -1.900634E-06
-4.255837 6.030275 -1.826849E-06
-4.461925 5.786717 -1.753064E-06
-4.668012 5.543159 -1.679279E-06
-4.8741 5.299602 -1.605495E-06
-5.080187 5.056044 -1.53171E-06
-5.286274 4.812486 -1.457925E-06
-5.492362 4.568928 -1.38414E-06
-5.693338 4.321203 -1.309092E-06
-5.890454 4.070328 -1.233091E-06
-6.087569 3.819454 -1.157089E-06
-6.284685 3.56858 -1.081088E-06
-6.481801 3.317706 -1.005087E-06
-6.678916 3.066832 -9.290852E-07
-6.876032 2.815957 -8.530837E-07
-7.073147 2.565083 -7.770823E-07
-7.270262 2.314209 -7.01081E-07
-7.467378 2.063334 -6.250795E-07
-7.664494 1.81246 -5.490781E-07
-7.885252 1.582561 -4.79431E-07
-8.110854 1.356959 -4.110858E-07
-8.336455 1.131358 -3.427406E-07
-8.562057 0.9057553 -2.743952E-07
-8.78766 0.6801536 -2.0605E-07
-9.013261 0.4545519 -1.377048E-07
-9.238863 0.2289496 -6.935941E-08
-9.464465 0.003347845 -1.014215E-09
-9.690066 -0.2222539 6.733098E-08
-9.915668 -0.4478562 1.356764E-07
-10.14127 -0.6734579 2.040216E-07
-10.36687 -0.8990603 2.723669E-07
-10.59247 -1.124662 3.407121E-07
-10.81808 -1.350263 4.090572E-07
-11.04368 -1.575866 4.774026E-07
-11.26928 -1.801467 5.457477E-07
-11.49488 -2.027069 6.14093E-07
-11.72048 -2.25267 6.82438E-07
-11.94609 -2.478272 7.507833E-07
-12.17169 -2.703874 8.191286E-07
-12.39729 -2.929475 8.874736E-07
-12.62289 -3.155077 9.558189E-07
-12.84849 -3.380679 1.024164E-06
-13.0741 -3.606282 1.09251E-06
-13.2997 -3.831882 1.160854E-06
-13.5253 -4.057485 1.2292E-06
-13.7509 -4.283087 1.297545E-06
-13.98423 -4.500433 1.36339E-06
-14.22433 -4.710529 1.427037E-06
-14.46444 -4.920625 1.490685E-06
-14.70455 -5.13072 1.554332E-06
-14.94466 -5.340816 1.61798E-06
-15.18477 -5.550911 1.681628E-06
-15.42488 -5.761006 1.745275E-06
-15.66499 -5.971102 1.808923E-06
-15.9051 -6.181198 1.872571E-06
-16.14521 -6.391294 1.936218E-06
-16.38531 -6.601388 1.999866E-06
-16.62543 -6.811484 2.063514E-06
-16.86553 -7.02158 2.127161E-06
-17.10279 -7.234875 2.191778E-06
-17.33887 -7.449492 2.256796E-06
-17.57494 -7.664107 2.321813E-06
-17.81102 -7.878722 2.386829E-06
-18.0471 -8.093338 2.451847E-06
-18.28317 -8.307955 2.516864E-06
-18.51925 -8.52257 2.58188E-06
-18.75533 -8.737185 2.646898E-06
-18.99141 -8.951801 2.711915E-06
-19.25527 -9.129025 2.765604E-06
-19.52885 -9.293175 2.815332E-06
-19.80244 -9.457324 2.865061E-06
-20.07602 -9.621472 2.914789E-06
-20.3496 -9.785622 2.964518E-06
-20.62319 -9.949771 3.014246E-06
-20.89677 -10.11392 3.063974E-06
-21.17867 -10.26291 3.109109E-06
-21.46404 -10.40559 3.152334E-06
-21.74951 -10.54806 3.195495E-06
-22.04573 -10.66655 3.231391E-06
-22.34196 -10.78504 3.267288E-06
-22.6382 -10.90353 3.303185E-06
-22.93933 -11.00864 3.335026E-06
-23.242 -11.10953 3.365591E-06
Stroke End
-1.732052 10.04516 -3.043145E-06
-1.523095 10.23762 -3.101448E-06
-1.17109 10.09677 -3.058778E-06
-0.8576403 9.846008 -2.982811E-06
-0.5441903 9.595249 -2.906845E-06
-0.2615727 9.313658 -2.821538E-06
-0.01081315 9.000208 -2.726579E-06
0.2399462 8.686758 -2.631621E-06
0.4907056 8.373308 -2.536662E-06
0.741465 8.059858 -2.441704E-06
0.9922243 7.746408 -2.346746E-06
1.239494 7.430255 -2.250968E-06
1.480341 7.109127 -2.153683E-06
1.721189 6.787998 -2.056399E-06
1.944672 6.454584 -1.955392E-06
2.167335 6.12059 -1.85421E-06
2.389998 5.786595 -1.753027E-06
2.612661 5.4526 -1.651845E-06
2.835324 5.118607 -1.550663E-06
3.057987 4.784612 -1.44948E-06
3.280651 4.450618 -1.348298E-06
3.503314 4.116623 -1.247115E-06
3.725977 3.782629 -1.145933E-06
3.94864 3.448635 -1.044751E-06
4.18418 3.123869 -9.463643E-07
4.428925 2.8057 -8.499763E-07
4.673669 2.487532 -7.535885E-07
4.918413 2.169364 -6.572006E-07
5.163158 1.851195 -5.608125E-07
5.407902 1.533026 -4.644245E-07
5.652647 1.214858 -3.680366E-07
5.897391 0.8966888 -2.716485E-07
6.181925 0.6155824 -1.864884E-07
6.481944 0.3488997 -1.056979E-07
6.781963 0.08221641 -2.490716E-08
7.081982 -0.1844662 5.588334E-08
7.382 -0.451149 1.366739E-07
7.68202 -0.7178323 2.174646E-07
7.991356 -0.9736253 2.949562E-07
8.301217 -1.228805 3.72262E-07
8.611078 -1.483985 4.495678E-07
8.920939 -1.739165 5.268736E-07
9.230803 -1.994347 6.041799E-07
9.540664 -2.249527 6.814857E-07
9.850525 -2.504707 7.587915E-07
10.16039 -2.759887 8.360973E-07
10.47025 -3.015067 9.134032E-07
10.78011 -3.270247 9.907091E-07
11.09435 -3.519863 1.066329E-06
11.41547 -3.760709 1.139293E-06
11.7366 -4.001555 1.212256E-06
12.05773 -4.242402 1.28522E-06
12.37886 -4.483248 1.358183E-06
12.69999 -4.724095 1.431147E-06
13.02112 -4.964942 1.50411E-06
13.34225 -5.205789 1.577074E-06
13.66338 -5.446635 1.650038E-06
13.98451 -5.687482 1.723001E-06
14.33928 -5.872416 1.779026E-06
14.70248 -6.043335 1.830806E-06
15.06569 -6.214255 1.882585E-06
15.42889 -6.385176 1.934365E-06
15.7921 -6.556096 1.986145E-06
16.1553 -6.727016 2.037924E-06
16.51851 -6.897935 2.089704E-06
16.88171 -7.068855 2.141483E-06
17.24492 -7.239775 2.193263E-06
17.60143 -7.424074 2.249095E-06
17.9562 -7.61189 2.305994E-06
18.31096 -7.799705 2.362892E-06
18.66572 -7.98752 2.41979E-06
19.02048 -8.175336 2.476688E-06
19.37525 -8.363152 2.533586E-06
19.73001 -8.550966 2.590483E-06
20.08477 -8.738783 2.647382E-06
20.43954 -8.926598 2.704279E-06
20.78972 -9.122643 2.763671E-06
21.13645 -9.324902 2.824944E-06
21.48318 -9.527161 2.886218E-06
21.82991 -9.729421 2.947492E-06
22.17664 -9.93168 3.008765E-06
22.52337 -10.13394 3.070039E-06
22.8701 -10.3362 3.131313E-06
23.20525 -10.55701 3.198207E-06
23.53925 -10.77967 3.265662E-06
23.87324 -11.00234 3.333116E-06
24.20724 -11.225 3.400572E-06
24.54123 -11.44766 3.468026E-06
24.88573 -11.65332 3.53033E-06
25.23425 -11.85247 3.590663E-06
25.58278 -12.05163 3.650996E-06
25.9313 -12.25079 3.71133E-06
26.28884 -12.43309 3.766558E-06
26.64788 -12.61261 3.820942E-06
27.00691 -12.79212 3.875326E-06
27.37992 -12.93789 3.919487E-06
27.76333 -13.04887 3.953105E-06
28.16474 -13.04886 3.953104E-06
28.5198 -13.20194 3.999478E-06
28.85379 -13.4246 4.066933E-06
Stroke End
